419	3487
447	276
1195	2679
3718	3077
103	2693
1888	1236
3366	1305
1853	2744
2794	334
653	120
1890	3303
63	2548
3538	18
1311	752
966	343
3256	3065
1513	4
2882	1074
3488	589
765	3806
3728	2411
2860	73
4082	142
2759	475
2723	1704
3796	3674
3501	729
1404	1718
3960	2241
2240	1638
4068	3016
2506	1296
1475	3419
1283	2282
568	1301
2648	3934
840	2371
1681	3843
335	92
1390	1799
3039	2127
880	3081
1817	2038
1902	3997
3576	160
1781	2706
669	2293
466	2953
1104	995
1433	1043
1100	2386
1006	1044
3556	2472
44	1872
1005	1453
3792	406
2815	4039
98	2087
3071	3444
1634	3104
2039	541
1110	3973
1956	245
1137	2683
1660	2185
217	414
2579	1854
2651	511
1127	3702
3108	3949
1423	492
2365	522
943	667
1048	1270
2397	3283
1050	2699
1275	3031
3765	3034
1840	743
2910	3140
3047	2084
3799	2875
557	857
3676	3067
2868	2841
3215	1957
3002	4089
2788	478
2276	3813
2414	3606
2403	2748
1720	1977
3345	2457
641	2145
3438	1304
3592	3471
1641	214
3971	1404
3246	1379
1616	1671
1052	2699
884	594
2195	4056
382	371
3814	748
3326	2927
2775	2322
1261	444
2423	2688
3392	1946
401	1699
1060	92
1908	1891
2784	3637
2550	3487
355	896
3939	1864
517	1141
1026	2676
1275	3758
927	2313
1938	2645
1066	3209
67	1347
3077	929
3677	3018
888	3814
551	311
811	1600
301	3565
3480	2400
2883	2409
3309	1611
3130	2856
3401	2460
169	1020
2735	2489
1285	3334
54	3314
2258	3432
4083	2105
1592	3713
1973	2682
920	38
1953	2538
1779	1557
364	2174
1476	1029
1191	2101
862	2334
2679	1107
3935	2620
3849	1027
1534	2555
991	3063
382	3249
771	1176
3869	3900
2491	961
242	3799
1562	250
1989	1705
3025	3591
3661	2201
2905	787
114	3344
489	1091
3193	2555
1036	1826
4024	3732
1646	1498
3707	1567
2798	2741
537	3811
3879	780
3711	482
3065	516
1109	1908
3271	1730
3355	3717
3222	2010
3204	3412
4005	364
191	2709
2676	637
1910	3161
3521	1610
632	3721
1048	1734
3567	1580
4036	844
3621	2952
625	3018
1843	970
2340	1542
472	1495
3671	248
316	2729
3997	3941
2575	1255
3761	2767
1696	462
2942	1027
120	790
221	657
2447	1589
1827	1873
1368	3821
3999	748
80	485
3513	3793
4071	742
4057	1221
2335	3497
1315	344
768	2765
983	2532
3318	3078
3892	3971
3408	3490
3430	2579
3222	2484
2667	889
506	2653
998	211
2645	3890
974	2482
3308	1562
552	3634
2923	3709
1108	3091
1316	755
3944	1453
808	1277
3617	757
993	1423
2306	2756
795	241
2583	818
2186	229
3154	721
2604	3580
1142	1313
1809	1619
1058	3474
2466	3073
3872	3919
2784	1853
2320	606
2077	1335
2217	2037
3284	3044
2374	2387
2848	2459
1030	2210
531	983
191	1231
1496	3278
3730	1061
1791	1859
653	2921
1108	587
4082	3309
1337	235
2511	2043
2896	814
3985	2034
1889	2129
3708	2364
1060	800
1764	2819
2151	2224
1823	2484
2372	3494
3543	510
600	2155
3363	1094
2672	3133
3225	3110
4034	1178
860	2780
2817	4093
2578	3978
492	2011
3671	50
710	2633
2328	2995
3505	1096
2311	203
1666	1630
107	1305
739	261
1593	3936
2976	3086
3000	2699
1266	998
145	1936
2025	3570
1826	1175
2297	234
3242	3845
2676	3371
500	4055
748	1756
2894	1627
208	3127
3095	3428
901	1789
3453	2507
895	1414
136	1108
816	3540
867	3237
2408	3645
2413	291
250	2762
3925	307
682	1612
561	1163
4035	1316
1264	2261
257	1847
1628	2607
3348	1165
2966	1689
1209	3048
3078	1631
3225	2068
881	3383
1327	870
2329	3706
2523	4053
2504	867
2735	576
2927	3327
3983	1871
3599	215
2810	866
3542	799
2309	1298
1965	2890
1691	2418
193	654
3435	1658
573	2075
2692	2482
3141	2880
1274	3883
1100	2364
1001	2573
1124	3216
3742	3103
2352	3068
3482	1382
2788	400
1708	3284
3587	3247
3329	3047
3231	3807
3538	3000
1874	1732
3805	3310
4009	1282
4081	231
4082	2158
2372	1154
3722	734
644	1766
1061	2853
602	653
2165	2081
1656	1375
3334	816
2003	69
1739	3604
613	867
266	3174
846	948
3123	1416
3162	1723
1005	1548
848	2294
2426	916
689	2952
818	1260
2215	2358
2237	3916
8	854
3038	1065
2809	3658
3108	1449
212	2511
230	2698
2701	3460
3680	2447
3881	1133
2309	3555
3808	1751
2354	2309
722	2476
3623	193
2856	806
162	2416
1426	443
1368	272
690	3070
3648	3328
1994	3253
3911	3442
2015	177
655	218
1336	1651
165	4069
4070	88
2090	2685
140	3335
1075	137
3932	2039
354	1257
3688	3493
52	3669
859	844
2018	910
297	2931
1435	813
1135	2747
639	3012
987	2068
866	3278
667	1647
598	1064
3376	3720
1153	2464
723	1250
775	328
3176	2398
205	2102
2901	106
3819	871
3937	509
975	2250
1879	1719
1255	881
2169	621
2922	1615
928	2357
291	3154
2541	3877
2885	366
634	1016
2358	974
1895	1862
3875	1784
212	2363
2925	253
449	149
2084	625
3370	822
1903	156
2610	566
1053	1367
730	1413
1323	2179
3615	2963
3768	542
236	2637
2733	1764
3109	1104
433	128
2361	1597
3508	1257
2477	498
3325	2711
2406	2752
857	13
1067	3567
2328	88
3949	1867
2669	882
3090	736
211	1314
3764	1443
1694	1733
593	79
1036	3610
3274	2768
2365	2628
3192	3481
3760	2831
3094	3639
663	2954
1892	2015
2451	3444
3181	324
100	1550
1851	2428
2456	2932
1721	3641
669	914
137	2700
1798	1747
3211	3009
358	2643
402	980
2862	3564
3335	612
2788	655
323	1460
346	1579
1154	1887
768	1298
3873	191
234	3072
2443	2188
2259	726
2659	1391
1424	3413
2557	1982
615	2962
3980	903
3106	9
2339	1910
2079	2692
1641	1615
3761	56
1003	1620
3306	2225
1159	3704
612	1494
2597	1903
3643	612
1577	2763
542	3016
1363	496
288	4067
1840	2334
984	2851
2407	2322
739	649
3031	717
688	2513
55	2873
3220	568
1692	3650
2532	4079
1199	1848
3678	2566
2749	1187
2257	4068
3888	3483
2984	2239
1619	940
446	2999
723	4013
1280	2455
1009	2130
384	3359
2876	3587
3162	711
2260	3651
2746	2934
159	411
2434	3180
3779	316
2413	2984
3971	461
2166	2232
681	910
3738	2258
1803	2922
787	988
4095	2468
722	3323
1002	971
3906	1057
568	3287
3934	50
2455	744
1200	153
944	2213
1634	2636
3195	3182
2583	1310
652	570
1622	938
404	500
911	473
3593	857
3265	2798
1079	1478
2305	258
3890	1666
2980	501
921	986
3193	2936
30	757
381	2545
961	3285
1521	155
3851	524
898	2324
604	1553
1306	2446
4095	1812
1445	3775
3607	1715
3314	2707
761	366
3409	3889
2629	1513
2091	3740
3393	803
3399	661
2115	2518
2	321
239	3537
874	2202
489	1515
932	1303
3042	3583
894	3289
1864	1053
3383	17
35	1644
1878	573
2848	3139
499	2137
2833	1065
1146	3651
3681	3159
1699	1011
2609	1310
1932	2454
184	3889
2259	752
2083	3602
2959	4041
3260	3234
1569	2539
2627	1279
2446	2694
988	2882
1641	702
2509	2716
3687	319
1376	418
82	1340
3760	1934
1303	1808
1992	3302
3120	483
2095	1307
475	2444
2935	645
574	1419
11	687
3143	294
3521	358
3910	3756
1346	2182
536	3848
3669	2884
844	3082
942	1271
2353	3713
3484	27
3936	1455
841	3671
1689	910
263	689
3402	399
4008	503
298	273
3279	2199
210	3708
2344	1420
1107	2571
2708	3198
1059	726
3048	3665
1372	1152
2919	3043
1440	2253
4005	2646
3296	3539
3567	311
1785	3714
1982	3288
4074	2601
2990	1343
1816	3503
41	982
761	1340
3546	3789
2381	1652
3499	3943
993	599
1009	2808
2422	3334
1910	1422
2842	1810
2048	1349
3840	3871
1882	942
3548	1716
4048	3311
611	2338
376	3587
353	2737
497	1913
2698	313
826	1281
3548	2000
3883	2616
1080	1265
2504	2499
2763	2471
122	3044
2606	764
3700	2666
1156	200
2598	2203
4043	1377
3797	3641
3039	577
1062	3478
2092	220
3189	3545
2470	3501
360	257
3335	3871
221	1497
3794	2368
1475	1509
1307	3568
40	2573
2994	3537
1405	1448
4057	1925
2826	848
203	1919
3210	1410
3341	1398
3274	2002
2200	1935
2232	958
3432	880
1652	2653
856	1229
2268	2411
734	13
2266	2899
3629	1210
3777	2194
1023	3386
2721	2844
508	2195
2551	3773
880	562
1457	1576
1395	3714
1182	173
3651	1752
134	1145
1784	2695
4077	3438
3222	2711
2635	2257
927	2431
2065	2232
2409	326
3503	1874
3076	20
1062	3099
3463	194
1877	3877
504	3415
102	618
3758	2863
1720	711
3805	3780
2381	2653
2653	2365
2923	2121
604	908
412	173
224	2923
422	286
2790	631
3736	66
3175	2687
2172	4051
2130	525
2565	1196
4057	2533
3488	448
1894	2614
1791	150
161	1834
1561	3580
3243	2611
2069	1060
1543	317
973	347
3308	429
3275	2701
1577	19
462	978
377	1656
3303	1980
2909	3864
3817	759
3451	2722
490	4090
1556	3749
2201	2947
3837	1436
3575	3474
1018	2014
3364	2624
1095	3004
2675	2379
2958	1357
222	2828
2498	1638
1083	3335
145	3696
1097	1569
3289	1924
2079	1435
2415	3232
3031	2771
2422	677
2196	3297
1056	3939
2663	3200
623	1130
2948	2412
44	2266
3285	542
9	1771
591	1038
2083	2847
896	3689
1989	467
4067	1323
2517	2049
601	3786
2381	2525
3466	1375
2440	1872
1509	2632
38	659
2555	325
1642	2126
1117	3721
3768	1505
2016	2683
3872	2242
4082	912
2106	3192
1692	665
3236	300
129	220
1682	1388
1446	2954
1406	1680
3615	3050
4045	3860
4076	1142
1508	3012
3779	1577
3586	37
3615	3704
2833	3572
3905	3941
2645	914
2550	2635
1206	722
2321	58
1056	1278
1335	1793
684	2627
3328	3707
287	696
2194	2350
3024	2616
1566	3453
2063	343
1072	100
1400	1306
2843	3033
2537	2707
3103	723
1309	1929
2143	674
364	1622
3884	1901
2517	655
371	1419
1758	4003
2826	3230
2129	3701
2828	614
2655	979
2284	1889
2825	3506
2794	573
147	247
3959	95
3336	1764
2494	1471
1676	3933
1154	2171
2308	363
2386	505
768	1715
2573	150
3461	3482
2275	2118
3493	3066
2347	2192
3361	4047
2666	1200
2180	3727
3844	3876
2407	556
1491	3829
3472	1694
614	3472
1180	204
2157	852
1655	2243
2569	2631
2410	986
2109	3935
3309	3876
685	1684
718	4030
4030	1964
2930	3263
97	194
2443	293
2632	1785
554	2445
3606	3816
1921	2566
1197	1510
223	2549
142	2785
3208	1652
58	3886
185	2627
3802	3829
3854	3597
2739	1614
1188	3242
1288	374
328	694
359	3298
1127	2674
24	688
3698	256
2914	4006
3504	985
2744	1021
666	2082
3665	1406
1940	2250
3837	2686
3973	3108
3078	1720
3133	1045
3530	758
829	3697
1219	3309
1263	1755
344	1707
540	654
376	2505
2411	3052
1187	26
249	378
3359	3879
1265	1942
1914	3761
2128	947
3227	804
677	4018
3943	1535
1345	2231
3407	2028
84	243
2477	921
559	808
2164	2061
2139	1925
361	1493
2007	247
927	1558
576	2242
1291	2464
2189	3772
4019	1627
1987	124
547	1543
1483	3479
903	2236
3058	3977
2867	2856
3272	3387
3727	2531
907	2637
541	3746
925	4085
1068	1309
3077	522
203	3472
873	3855
928	658
1936	3124
1431	3353
987	1262
3771	1386
368	1816
2791	2140
1625	2429
184	2151
3004	3340
1234	2839
1288	2765
3405	1887
955	286
2457	1664
1529	4064
3105	516
2351	3069
1725	3784
1249	2364
601	326
2188	2060
1286	1761
3559	850
1451	470
2639	3280
1407	2421
2306	879
1897	790
22	2943
2399	1207
299	949
565	2332
2461	2046
2778	574
1001	2600
82	1370
1747	970
829	2229
3006	209
1647	648
2903	4026
761	1678
3957	3208
2370	3946
611	452
1096	113
4054	1947
2440	3758
1277	559
3922	3568
3783	811
1494	3511
1413	3415
147	1684
3171	3995
2381	4067
1627	843
3439	1788
421	69
2242	2594
1889	615
2278	31
2470	2477
2978	1141
3915	3105
679	3009
1038	2044
824	3104
2236	132
394	3790
758	342
3349	2834
812	421
310	1979
1831	455
3775	3234
1904	1430
3635	3624
2670	406
3582	1381
1023	2491
2578	3371
1784	1559
2269	2625
2131	1693
2194	2716
2588	3511
3308	1391
3715	399
993	2910
27	1304
402	1597
672	3375
2816	711
2417	2323
1100	1524
3972	2848
2385	1103
2962	2905
4057	1479
2901	3429
2112	1964
2700	47
2372	1697
3031	1385
256	1723
1868	3583
1843	3670
1214	2294
1571	468
3158	502
2786	1431
3762	2779
1331	178
809	854
1197	2138
816	3467
617	594
1310	3048
3508	4032
2055	3297
2128	253
804	3124
1962	2247
949	136
1198	2045
1291	3478
518	3010
412	1032
3480	2497
2246	454
1200	3827
795	797
3539	13
1923	2081
1855	2058
2894	2256
2884	232
3608	848
1064	561
1450	2510
369	2000
2526	1117
395	961
3040	2414
883	1361
1529	2512
2835	3026
1672	3717
1095	3019
1915	1338
1094	93
2545	813
89	2914
2649	326
2089	1157
1336	1044
2726	3574
3164	3882
708	3909
616	273
2475	2031
3313	884
3884	3516
703	3257
805	1435
562	1334
2454	168
1785	1355
1600	412
1095	3795
1276	2317
1169	3067
2955	2914
4017	3794
3147	2513
1030	511
3923	2670
2138	2096
3130	2382
404	435
1216	2742
3137	2554
2396	838
250	2042
3795	2129
1877	940
1673	1365
2901	1849
2693	1453
895	3674
1280	2776
2807	1416
85	2446
889	1699
2412	4045
3197	1754
566	443
1468	3190
1642	1797
3051	2640
1022	3929
2120	625
355	2767
661	2654
2877	3856
1566	1342
2120	1363
506	2962
3378	1064
2043	2265
3854	3183
329	2993
1412	1462
3847	2385
1718	2281
1654	1379
3489	784
2009	3321
542	404
3109	3377
2213	3259
1756	819
3836	2690
3794	2666
2531	416
783	3367
1208	1516
2224	829
3101	275
3031	3538
191	2141
173	1429
1739	3479
87	619
1560	2382
2977	3202
3549	1965
3750	1817
3741	2671
253	1481
2321	2345
3644	2394
226	1993
3102	688
1232	2469
3871	3948
3590	1027
2719	861
2322	1259
46	475
231	1897
3756	2092
1762	2347
949	1784
1344	52
3655	2408
2667	3518
60	479
1662	2435
3971	2759
1873	998
2373	3384
541	2293
535	2963
1806	3824
74	1865
1722	997
917	2062
1418	1589
1693	1586
3712	236
3443	1078
3812	1025
2426	2637
1127	1685
3473	583
466	1977
475	2317
2412	1886
2343	482
1880	2299
373	3296
2101	3329
2488	2137
2688	3122
3489	575
1595	2540
78	2225
2035	3286
1209	1165
592	2900
3879	784
2490	1903
2490	3360
3950	3691
3728	3339
2233	2738
2544	1408
2342	3202
3127	1045
1280	3144
1036	1915
407	1395
1818	330
774	265
655	2572
3168	1477
2058	2082
3977	4032
692	3672
143	3073
3385	2164
15	254
325	265
2312	2122
2966	1889
1480	2588
1589	347
527	3445
2953	2212
1686	805
1012	1961
3644	791
3367	323
787	798
553	1721
1213	202
180	269
3234	1224
2639	1304
3536	2289
2578	3928
2126	3801
3167	4057
4041	3610
793	2946
3393	3894
3887	3462
298	3847
709	1361
2881	1247
1160	2053
245	1988
3372	2246
3554	1071
3232	1336
608	4068
1082	971
2610	2456
2149	959
3510	1344
1612	3915
28	2467
461	3525
2370	3645
3033	3047
2751	3
3734	2405
143	608
3507	889
2089	1718
2204	2677
32	712
3518	2098
1849	3211
204	2469
40	2400
1871	1101
1475	2611
826	3709
326	3669
3660	3153
2356	2542
1715	3594
1357	2906
1997	307
795	356
597	2187
2628	3640
3161	1993
2125	3074
2758	2352
1526	3637
3371	3405
1234	3052
3445	3924
907	3440
3764	1865
841	841
1171	689
3223	2461
2536	3386
424	2725
1945	3791
1676	23
885	2788
2223	3682
61	3158
62	2638
685	1713
1903	599
706	3995
4079	3181
631	2973
3578	864
3215	2237
801	4002
789	3274
3493	3735
3569	3854
3793	1335
281	2712
3389	1115
1273	4027
0	395
1324	3444
3845	604
2346	917
3909	474
3988	3559
3526	3231
1491	3862
1091	2083
3471	238
1234	1347
3711	3332
505	1976
2902	2430
1352	1686
3597	962
465	3500
2809	2870
1081	2980
2840	3063
2708	3751
1473	3939
1822	3820
1145	926
652	2881
3337	768
1612	3018
2749	3319
3902	2158
2175	2351
3750	1
2253	1764
848	710
2826	3152
2811	3455
1618	1873
3881	3480
1495	80
2967	2691
1711	2354
3935	368
1968	1961
534	3433
1891	3181
408	2417
105	1313
3498	3726
3067	2770
9	1496
2212	2238
3737	3122
2266	840
3845	499
3596	3436
2633	2192
256	3701
1274	1318
2945	209
262	2770
495	2849
74	480
2683	3125
1707	2475
2715	930
3178	3915
1469	3000
308	3360
257	4091
1362	1699
1256	2051
1553	2955
2656	2745
3454	3626
3939	3110
2856	3004
2694	3465
2359	1385
1525	2147
3667	563
3246	2149
2729	1905
3853	2317
891	3989
3945	1993
2806	3543
3634	175
3516	1099
3836	520
1717	2123
2938	2657
3204	3430
1167	457
2289	1471
1075	2298
2487	3798
2493	738
151	549
3419	2674
2278	2892
3682	3579
1052	3523
2767	2571
1495	3452
3239	2433
2487	1290
1105	2873
3865	1713
799	1848
2830	2857
3308	2175
3706	3573
3964	2003
862	1261
375	1632
325	3682
235	1456
1244	143
498	1965
2434	1770
3321	121
3467	188
2837	1341
3133	281
4044	3075
2235	3613
3880	1709
905	1231
332	476
2894	2318
1993	2508
62	1317
3622	2627
1466	76
599	2635
367	2514
607	959
2014	185
350	2739
192	1488
449	2433
99	3778
3450	4025
3232	1780
2846	272
253	2338
3629	2922
2733	3001
2547	2801
2437	3486
3581	3919
3260	3180
2724	3703
32	5
905	3518
108	2211
2212	2827
3641	2798
5	1
1213	3793
1638	3449
3734	4042
1017	3800
107	3971
3581	3675
104	4016
3297	675
1852	3416
3264	1302
470	1348
1139	3853
2762	2919
1623	3559
1037	3912
1494	649
913	2999
2575	92
3966	314
4027	2562
1838	1934
641	1452
2517	2211
1216	2075
3209	2421
1744	3678
866	3617
2455	1069
1901	1918
2591	1456
370	1151
2412	2972
3827	1232
1278	2500
1995	3999
481	375
3189	3528
1742	1384
1368	758
3490	2110
3277	814
676	1512
4084	30
911	3666
540	1954
678	3188
607	2624
599	4007
2738	1954
3909	682
2204	1912
3510	2139
2683	1505
1601	2418
3549	2928
1060	1137
3811	896
3678	3498
3089	3124
224	110
3458	1032
1391	2165
175	1718
3152	1800
105	1581
1302	2091
1790	17
0	3210
3566	3569
2227	3867
701	1358
293	2013
2974	2325
674	360
1035	2862
1571	2984
61	1536
3993	673
3268	2014
3918	968
3293	3443
1994	2524
2625	1328
2757	3152
3249	3620
3099	3704
1420	375
3023	2000
120	3772
2608	1996
302	2
2631	1836
2561	337
1333	712
3235	1457
931	1331
2710	1535
1697	3879
2963	1082
2340	2779
3306	3116
82	1711
1785	1410
2697	1839
2794	379
2202	1848
961	2830
2159	1872
554	1951
936	3152
714	1827
1805	3929
1953	726
4091	393
3667	1977
1273	79
807	1394
2274	4016
764	354
3085	2446
1706	974
747	1408
3056	1393
9	489
3532	3977
4062	3930
648	3693
1083	3902
260	1399
85	4065
3180	818
482	2543
2637	1517
2187	1752
3026	99
2920	3748
2102	4069
491	1859
46	1127
2031	3151
1186	2073
1648	1656
3290	204
2975	3990
1357	806
3268	1588
1161	1290
2703	3811
344	1895
3316	3379
4028	701
3997	821
3819	2173
1900	1112
1203	3468
1913	118
1293	1664
3971	700
3238	1992
794	3059
1320	1332
2449	2476
2729	1697
3991	602
3066	3113
4057	3228
1599	3323
3697	3033
187	2175
2358	214
1221	576
3797	2797
2585	3124
1435	1229
1206	1161
2574	2341
3147	2669
1249	1025
497	2745
1710	3234
3885	3411
559	63
2062	2961
3262	475
2083	2711
3471	871
693	2839
2044	1363
311	1182
2200	1570
1318	2698
2388	1809
304	3479
2047	708
424	397
2724	3449
1709	1050
2185	3428
1429	111
3332	3030
1060	325
44	2419
997	1372
1424	3798
916	266
1548	2884
126	3169
579	2329
3040	3639
4088	285
1752	3338
2624	3094
1931	3544
3452	2285
3751	3629
3712	3301
16	202
1978	1354
2515	3613
2130	2520
3926	3049
1484	3964
2381	1997
2074	3660
1971	3520
2101	3913
1584	17
3685	4061
3398	2617
3051	2771
3640	2671
1045	749
3469	3637
2063	4007
2613	1062
713	3110
470	273
2199	1205
2513	1406
3711	1633
991	3578
2390	1397
3449	32
821	2578
2345	76
2675	3682
33	1596
3905	3993
3041	868
1925	1519
2295	3886
58	2702
958	1986
1776	1635
2199	166
441	3207
1453	987
3957	3612
997	2315
1003	1604
1713	2224
807	2376
2124	1439
482	3957
2256	2646
3579	3200
640	789
848	2411
2158	1441
878	2428
1791	3756
211	2507
1715	792
3902	183
3613	2623
3053	46
1370	2349
1792	455
3205	2610
3291	2690
1332	2068
3196	2308
1859	1441
4083	1973
1096	662
258	3219
2945	1957
2967	472
2071	3725
677	1231
2564	3074
2108	3016
276	1875
197	3413
2169	642
3470	2562
699	2734
3267	3050
3261	1838
3182	3800
1697	3754
1914	1852
3283	1510
2944	2480
1481	2706
2463	1724
3965	1671
145	3133
2493	3210
3817	788
3203	1679
1303	3929
716	12
689	4011
1749	1588
2688	4015
101	990
319	3659
1169	3990
2411	2936
3585	2551
616	3562
1978	2567
659	1641
1270	1220
3018	652
1419	2068
2160	1052
3180	2076
670	2343
2569	3301
197	3430
2177	3206
3429	2231
612	3633
1337	171
3926	2849
1302	826
1207	2235
3332	344
2656	1615
2556	656
1277	514
3426	1425
3520	3549
2132	96
2250	1902
2025	1958
3431	1416
227	300
555	2116
2338	1518
803	4012
1913	1526
1745	4084
3290	1935
3784	2293
2587	4022
3736	129
779	663
1812	4036
261	3597
4014	1789
2462	3600
985	3859
1352	1878
2891	3323
2213	326
1399	3320
1072	1123
118	2288
138	517
988	1180
188	2628
1614	2959
3983	3345
1092	2555
3199	1614
1361	3706
1731	1971
909	1498
1883	1044
1964	1360
3943	1105
3104	2701
904	2333
3297	1074
625	2316
1241	1957
2761	1430
2708	1372
2685	1022
3283	3540
2577	2213
2892	2430
1306	2385
231	3364
2986	2652
778	1898
3351	3663
1032	8
271	765
2422	2075
3325	1334
1260	753
3127	3097
184	2199
449	620
3027	830
1371	589
1879	3796
2014	1681
2836	2703
988	1175
2079	3556
3625	1236
3592	2562
2702	522
211	2779
2948	3661
3886	159
3691	141
1685	1248
1841	3691
3188	3242
3890	2893
1618	603
811	1594
2705	2868
1218	2136
2376	3555
1125	446
1160	2665
3980	3904
191	2834
3228	2307
1474	895
259	1611
3042	1624
414	1621
2573	691
3045	3323
2169	1585
317	2795
3652	1746
520	1495
712	2341
2546	3607
2985	3359
3655	4090
1748	6
1798	1609
269	762
2227	990
1020	2351
437	977
1410	3619
1625	3989
1398	1844
1355	2232
3705	3826
449	489
259	3705
3291	2241
2141	2051
2490	3186
1717	2972
966	2344
911	2361
1742	2354
20	2959
2861	1468
2804	442
3921	384
2231	1316
1359	1946
4	411
2179	1887
3969	113
1271	2656
2118	892
271	174
3426	2160
3216	2870
3594	2932
3224	1862
3036	771
738	1924
1533	489
16	2679
2953	3370
1646	3463
3115	3062
3319	2041
2505	1831
971	376
715	1602
970	282
70	2229
2030	3982
4063	2772
1067	2654
3705	480
1489	143
3525	2801
3087	3085
3745	3663
116	3233
3658	3646
1146	3411
277	3320
3000	2250
3173	1592
993	3926
3667	613
1063	4052
2024	352
3257	165
690	2189
96	3531
2117	2983
310	3956
643	1041
3299	2801
2442	1825
2494	926
285	2664
701	1342
3313	3146
3749	2340
1767	2258
1254	1458
2438	581
2794	949
1189	206
1835	484
1375	2752
4036	3260
1424	3458
968	2018
3786	3467
1319	279
3972	3794
2644	3612
476	347
532	414
3204	3678
2628	1961
3177	1699
3936	1569
2616	2376
1053	2002
1741	2793
1913	3264
1368	1540
1763	2158
2404	3969
418	245
1358	3507
2702	4039
2103	1164
1116	3605
2626	2559
499	2161
344	518
2883	3409
3128	2177
947	2246
1269	858
1748	776
2231	2984
1107	241
1145	2297
1852	2026
3982	2573
1688	48
432	3182
2759	1699
1462	2988
3723	3801
3920	1051
2369	928
43	2380
2786	3015
379	1912
3068	3514
121	574
3668	335
3687	2684
470	2399
610	717
212	3820
2035	2301
3411	1186
24	2202
1315	2593
3116	1864
1013	1988
2871	3072
906	3353
3073	466
3734	2202
2297	2985
3222	3821
2901	3833
3309	1794
2096	1357
1968	731
3962	4087
2578	2080
2387	3754
2132	2348
3355	3959
1522	803
910	2826
824	410
3561	484
3749	3492
1725	540
1555	3237
3449	3575
1103	3263
1768	2081
251	3193
3106	3883
2203	1675
3988	4053
2179	1383
2307	1679
2952	4050
2868	1943
279	1380
2659	3461
2898	728
3376	464
125	1007
1018	2602
3828	3187
3400	2449
1428	3089
49	2356
3571	1584
2717	2899
2369	2505
1493	3215
238	537
3894	1416
1687	4004
1656	3422
2382	3306
243	3856
436	78
172	4059
1192	3859
2204	403
1408	1351
484	387
627	2596
853	1885
1450	161
1911	2752
4073	2988
1042	2092
2050	3353
2042	3888
1728	2518
522	3585
1812	190
2684	1
1235	1155
2908	1404
2968	995
897	663
1746	459
1559	53
2966	1421
3846	721
3355	3708
680	2974
3182	3565
1029	3590
3885	2632
382	3661
3318	2881
1224	1159
2317	2810
189	1024
1395	2542
257	3496
440	3981
3743	4069
198	1534
419	614
1967	3061
362	2762
1215	1524
1585	344
2745	3507
838	1382
418	1035
256	1321
3400	187
1809	894
54	1384
543	3576
1746	1840
302	2949
2555	271
3463	2807
3028	2014
2656	1187
1465	4017
13	2582
2850	1130
2564	2949
801	1107
719	1983
4078	1864
289	1381
1036	934
1538	1093
4054	827
1899	889
4084	1411
1952	1778
1303	1767
2857	2024
844	2593
2762	3817
0	3038
2974	3333
1306	450
121	3042
1426	691
2285	1704
1694	811
1257	2253
2962	611
1412	2421
3286	1945
3214	859
488	1319
2009	3861
2860	3738
2125	2809
1005	2377
3291	108
1874	4037
1144	578
1154	3950
3123	2463
2461	248
110	1201
3340	2693
126	420
692	3334
157	3127
2211	104
2286	2076
2575	3910
1799	4043
2674	1937
2655	1185
1033	2238
3591	420
3827	2352
3873	1599
1162	1962
1722	1105
3670	109
763	1790
2520	3474
1635	1787
1517	649
1204	766
1144	4028
1506	1478
1088	4069
3463	3561
1838	3257
1657	4027
3172	1974
1063	1506
1815	2837
2800	2078
631	3594
1342	1253
1708	682
1436	2128
1044	2055
1884	2756
1320	906
1531	82
2259	666
2719	1997
1149	734
648	1673
3097	1347
4093	31
2755	2686
382	3231
2570	840
293	3318
2145	2524
2401	2842
426	1809
398	640
1375	234
2040	170
3476	225
2741	2124
3683	1187
3787	1845
547	3950
4075	344
2865	1009
2825	1403
3638	3919
3962	2987
861	877
472	2956
1935	1736
3521	1107
542	571
4094	2396
2486	771
2038	3007
3877	3760
2785	341
2797	3941
3032	2938
1513	1674
2083	2128
2293	3770
3907	803
4033	3627
2589	3121
2184	146
2704	1895
320	824
2799	2774
3007	3584
3958	2140
179	3210
2247	1128
2781	761
1325	31
3736	3227
1371	3918
1110	1250
3046	3422
1516	3553
630	521
4079	2975
2717	224
2414	3186
3905	2422
1769	47
1327	662
572	3281
1981	3875
549	2595
3633	3656
426	3639
215	56
605	1138
1814	1334
1787	732
2754	594
1212	3926
1817	4038
2230	778
1846	901
3509	3780
2182	4008
2758	2714
1894	3039
1707	236
2987	979
3748	4032
3821	2132
1555	428
60	2024
1697	1016
2908	3506
444	2065
3695	100
3151	3387
508	4094
3417	37
447	1673
4000	265
3775	355
153	4012
2496	2183
1127	268
1063	3863
2303	2946
794	392
1303	3396
2266	1420
1163	1666
2498	2643
1612	2187
3609	605
1646	1162
1037	3526
226	3268
2419	1755
2706	482
688	2006
1831	826
3620	167
3761	2714
272	875
968	3315
1077	1315
2533	927
2765	2937
3756	1528
2559	2283
2417	550
3751	3356
4000	1240
2119	1466
979	1412
1027	3281
3184	30
2707	2831
3636	2342
2085	1430
313	2260
3821	2373
2767	3554
1876	2948
1966	1329
339	1390
2641	956
3709	3463
592	2312
2857	877
4089	1446
2989	1688
160	2691
51	3883
3454	3877
264	1894
1117	854
3832	3315
2611	3614
3752	891
934	2314
3151	2397
4003	934
151	2981
1450	1008
817	2069
2022	2954
2596	1943
253	687
491	1557
1051	2828
4057	2997
3204	43
1163	781
3486	2930
2908	2661
1162	883
2225	1536
352	2822
980	354
2842	890
765	3519
2561	2452
2468	2443
745	2062
2050	954
2284	3380
2800	3304
232	1216
31	4060
2973	3340
372	1262
2529	3119
46	2790
2104	724
1755	1316
860	433
1246	628
3539	1512
1513	20
1820	1825
1782	1761
1430	1191
1452	2957
1320	1846
2646	2265
1079	343
3101	1545
3439	425
810	1650
2392	1777
1589	1898
747	3731
1811	2855
864	1581
3793	3098
812	1365
678	440
2264	299
1315	3666
2620	164
2631	1242
92	459
1612	2117
648	2946
86	1324
3657	3113
4090	2369
195	1627
1149	3774
3832	946
1809	1591
929	1055
1804	3064
1184	61
2007	3489
3924	3979
3241	1118
1693	62
2743	1088
80	3350
2287	1009
3171	2603
2448	973
222	758
4082	110
2629	3160
2785	681
2698	3774
403	3530
2916	756
3787	545
1713	1438
2829	1195
540	1369
3232	3435
2575	1237
1407	1005
3844	3276
780	1010
1776	2800
4005	566
1294	2680
2434	2371
1335	3452
1673	1655
3327	2658
3370	1036
1765	664
241	786
1251	2377
454	2795
2141	2574
2396	1636
3230	3528
42	1269
3946	435
204	3852
3219	2525
3841	2154
3669	46
3413	2639
3824	2900
2061	1098
3632	1926
611	1041
3268	3195
1482	2536
3520	380
2089	3654
1890	995
1352	3932
1079	3180
2344	451
2362	1136
876	3332
951	895
3375	2104
1837	1090
568	2951
3961	3470
3111	1429
1934	3214
4076	91
1249	2739
3275	265
2952	3139
3360	957
3568	1153
691	1036
2878	1568
116	819
526	2554
394	391
1193	1475
2065	600
990	2903
3294	94
3366	3889
2926	3933
1605	2827
3104	1514
2076	2093
250	2730
3230	1830
1200	316
3870	3461
1515	1231
568	479
914	363
3345	3166
1837	1324
431	1575
49	1950
1209	1711
1313	1566
2896	492
2878	2217
3157	1949
2837	2835
41	2805
1963	3564
4091	3253
3755	1199
1305	3241
1300	98
456	816
434	2626
3349	830
1811	1002
2955	608
2824	142
1671	2214
3682	16
448	2870
1437	2131
2112	3067
1054	1765
3725	2212
74	3571
1037	171
2404	3814
1682	2741
2595	109
2601	2321
201	1612
2553	4055
1739	3508
1258	1943
1033	3841
3466	17
3621	293
1449	3124
2418	388
3257	37
3173	527
794	2341
2106	3752
1030	650
93	2269
3343	2743
646	763
3946	4059
2470	1663
1501	3136
4023	1990
3585	555
244	524
365	150
2515	976
1547	478
2409	1414
3316	3223
1696	3589
1403	2639
1169	3359
2278	360
2916	1845
182	1087
2972	2183
259	2188
2013	2057
636	568
1869	2649
1186	1931
2476	2329
1108	2176
942	3172
2646	1314
3954	1521
2885	2687
804	489
18	2357
1251	2570
3438	1721
308	28
2694	2828
2784	3107
3347	3569
3533	370
3874	2272
3413	1245
3561	1460
2347	226
2151	3203
1889	3106
2696	2052
1315	1948
130	3987
826	2984
1137	2801
748	1656
4052	3905
4068	1381
1289	3506
445	246
3611	189
3470	1641
3245	1618
961	3990
1384	1211
2473	1107
1792	2416
682	1873
986	3316
3374	3853
3573	379
3913	1978
3552	3389
3444	1313
1027	3208
807	1517
3474	1505
1679	3821
1582	3207
988	1669
720	3852
659	2683
3147	1407
4076	159
2738	2095
2060	2321
1011	373
2180	3486
2360	2699
2634	437
835	3216
2427	3200
190	3375
3055	700
2588	1889
1449	1746
3715	4004
2684	2573
3171	749
1452	4002
2794	3050
128	3396
2381	609
1689	1568
1411	688
1529	602
338	2332
1289	2174
1493	2245
1858	484
2480	1253
2674	452
2025	936
2589	3226
2003	1844
2973	1532
879	880
109	3588
2813	279
836	3300
1509	1465
2189	1117
3969	2204
2198	3473
2857	1454
2964	3856
3544	497
3021	71
3830	4001
1137	478
1510	1976
1034	3820
970	885
616	1099
52	2837
513	1500
242	3765
3947	2820
32	2396
1149	366
3845	1262
532	3152
3181	2762
2924	2518
240	3815
523	3267
259	2395
132	821
2378	2069
4078	719
2046	2259
3082	3001
1979	1163
833	432
2797	1058
3431	2499
1460	2469
2551	1466
1757	2149
2286	2367
3675	3453
3663	1773
426	3648
2935	186
1772	2403
2048	2829
118	1310
1196	1871
699	1255
1040	2484
848	3102
3317	2069
3945	2234
3739	2900
1193	593
1172	3043
1951	452
3496	664
3799	1011
2260	2183
1402	4083
772	1387
2473	309
3779	2963
2750	660
3794	1715
1839	2324
3121	2200
2911	2793
131	2529
3553	119
3293	1102
2287	3326
439	3330
3795	2570
1965	1398
479	4083
3893	1823
1363	3751
3257	1179
4	1507
3567	523
2084	1
855	1376
3581	3169
3628	1282
1232	2902
1807	4004
4053	2716
2599	731
3633	3207
853	12
585	1029
2854	2882
132	2505
1158	2042
452	1300
1670	3429
2408	2146
3189	1330
3248	3937
486	397
3496	1372
3404	1008
3203	3585
2920	363
3279	1071
648	254
505	3178
937	2429
3444	640
2220	2952
67	2429
1502	2802
1180	3898
2077	1027
2068	2685
3457	2193
217	488
508	2551
3020	2960
2649	1107
4031	3197
345	238
3261	3825
151	459
2828	2079
460	1524
3140	2483
3437	1790
3912	2150
2501	2381
850	1018
3967	68
2904	1910
433	2121
1741	1537
3206	904
89	3178
3400	2090
2807	2927
3748	2259
1477	3317
1532	1669
2604	647
3039	3654
1150	1035
434	1388
2381	1805
1605	2142
763	3125
1249	848
2572	669
2326	2135
703	3443
3033	3956
2602	3908
778	2850
2388	3296
2598	2594
1614	3589
3475	2163
3635	3367
3622	4043
1556	2990
1854	1218
765	3479
54	1002
2524	21
3746	1723
822	2913
766	1760
2642	1444
628	3746
53	357
2107	2917
486	2510
3112	2288
1845	909
3373	191
2081	3847
3944	3398
1934	3662
2905	4089
3989	2600
1795	1281
2350	3717
3305	3499
1963	1651
2014	80
1884	1165
401	2741
3507	1773
3835	573
4000	2168
350	77
3169	1459
3413	3844
2851	2027
1971	2822
2787	1774
3704	1460
2042	2317
1017	53
2811	281
4022	317
877	3677
3765	769
3760	1867
2514	2575
3514	1288
3864	450
1544	949
1460	620
4045	3571
3930	1602
1416	1410
3581	1643
554	3164
3693	2441
981	1870
605	3739
125	3566
2154	3205
1280	3466
1294	662
357	1561
571	3645
961	3319
1739	2089
3903	2468
2594	3050
3136	559
14	1755
1029	75
4084	3875
3030	2035
3092	3466
3796	1825
4017	475
3790	2845
3304	3479
4090	107
3334	2747
2103	2357
2071	2675
508	3150
2069	1828
2582	3398
126	1793
2691	3741
838	1836
3304	3132
1508	835
3514	577
1895	1304
1403	589
2855	2495
1423	1376
490	4041
2572	1937
2231	3814
2329	1953
1294	499
827	110
3291	3028
3837	2381
2356	3108
1182	3985
16	227
4002	1086
715	2895
2702	1122
1341	795
3297	1028
3953	779
2596	3928
729	3252
2937	161
3627	869
1844	2988
3206	2258
38	1351
478	3919
672	3246
1363	2012
1403	2222
1960	3760
127	4015
1378	2255
383	3644
2713	993
2984	3125
1190	1467
3992	1139
2231	3511
43	1170
634	2882
1651	1608
2887	1200
457	3238
2213	3072
2930	2794
3323	3850
2124	2690
829	2217
3025	2100
3796	3865
2337	981
1422	3115
396	660
53	2367
2325	2339
270	2366
2015	2246
1755	3658
788	405
3941	1539
3463	414
1957	1193
1244	1911
1621	1915
3225	363
3084	3808
2581	2347
731	2660
1197	833
1725	629
2469	3257
291	293
1711	2288
3735	1986
3361	1210
107	3955
138	1989
1901	1900
1930	1248
2854	1121
182	3129
602	689
3564	693
668	128
3656	3230
542	1268
2973	682
2015	2123
2375	3849
2329	1955
1544	1357
3624	3819
2946	3881
3513	3525
477	727
2878	3181
2020	1077
391	2980
1189	985
2676	3207
906	1961
220	2112
3658	1694
3556	4030
2666	2052
2152	3295
3386	687
1020	2699
3529	1328
2826	2836
1990	3921
1949	677
397	1278
3196	4084
1994	3062
3344	2135
3095	705
2720	3656
3094	526
123	3140
886	2605
3941	3797
3013	14
2498	189
1348	2867
1137	2355
2821	2884
1241	2318
1013	1475
1915	212
1536	995
2434	3900
2026	1737
2029	724
2971	3747
3555	3224
1400	3732
2497	3233
1933	2520
2686	1411
2460	3598
2831	1101
2139	2631
3227	2700
3323	3772
606	2513
108	2756
702	119
3087	885
3894	1513
2975	859
1772	45
1102	484
394	3470
2467	165
1821	3674
2691	1471
120	2921
3774	3523
229	2729
3164	3812
3746	2484
3849	1048
1067	3545
393	2348
1937	981
881	1793
1849	3631
1073	2072
2414	1060
2724	1739
3690	1708
3527	978
586	733
525	2024
3258	3481
480	2019
2193	3160
2006	2122
2850	1262
3067	3524
622	2008
666	2484
2736	1272
1807	2581
1765	2551
1058	3533
3043	1773
2395	1272
2205	2711
3748	2033
187	3395
566	1902
3288	1871
1341	1767
2403	2506
4027	2333
2129	3318
317	2094
3628	3221
341	3822
3003	1829
3939	229
2909	704
732	1481
432	3431
1428	1022
3113	2445
476	1868
1004	605
2276	2066
697	549
1014	3313
3512	246
117	1042
600	430
4083	1736
3986	3178
2569	1932
1067	2696
2815	1806
3205	2790
2175	820
1690	3254
2110	215
1103	1703
223	3842
3994	1844
284	3860
2405	1028
2838	2050
1176	2145
2932	1758
3118	3326
1124	4034
2056	1307
2658	833
3819	2304
3301	2741
1602	227
1598	3461
3406	2323
1425	2232
3261	2601
2939	1811
3770	1667
1189	309
1967	1000
492	2945
2052	30
11	3885
2040	3367
292	3953
2329	529
1414	1516
1827	3673
555	3030
3450	1082
3461	1883
1634	3419
3551	3641
1748	4076
2582	776
1637	48
3896	789
2441	3268
2563	3011
40	1277
3790	581
3341	3469
389	2000
1619	240
3837	45
3774	655
2785	1791
2312	1078
3676	3898
3178	156
3606	3269
1971	730
2631	1884
3416	980
3057	1350
257	2967
3039	3539
2953	2210
1619	1373
685	2923
1581	1518
97	309
1843	859
2643	369
922	3691
2330	810
1560	1665
1918	4020
3211	3976
234	2085
1651	1475
3342	1560
4057	1743
3420	3936
3188	1926
30	2604
680	3479
2338	1308
3465	1192
2171	3653
1405	298
3125	1670
496	2199
1640	3928
1773	2204
888	2324
2164	753
1690	1235
1559	571
910	39
2346	1702
1361	3884
3918	3268
2556	712
114	1849
2117	3355
1157	3197
17	4084
3118	2302
2206	3368
3785	2920
1907	1369
3738	3241
3117	3751
525	3587
2556	897
3753	3392
62	442
652	1100
1695	2889
3735	3050
1756	2056
1790	1457
596	2414
280	2302
434	3201
2084	3971
536	1036
3256	846
1751	1930
3069	633
586	3063
1171	2477
3505	1205
1235	1409
2038	3442
3524	1097
665	754
1671	2615
3273	5
2342	2001
1221	2121
3396	1702
3847	3703
3021	505
1321	1217
1573	1416
1796	1181
1049	2587
3138	2799
1422	1697
3466	378
156	2722
3181	237
557	1478
2568	101
176	1933
387	2860
3405	114
187	3811
602	3854
166	2969
82	1682
2063	2330
3496	1535
2484	3314
1508	3462
2145	504
1120	3038
546	1424
3950	520
1017	153
232	2694
1753	3975
3265	3598
552	1378
3581	3010
2321	3451
3935	2302
93	1254
3592	2056
1179	2364
222	1807
3751	1842
2455	987
2960	3610
402	2856
941	2133
2782	1272
1209	2977
2342	3728
1736	2290
3636	2826
2632	379
413	2864
835	1463
3318	1962
2512	2036
594	3121
2037	2232
3861	152
3479	3036
2918	3628
3465	3633
1996	2532
2303	2572
3189	2534
2518	777
162	520
248	2957
1528	3814
3238	2789
1055	524
2702	956
624	965
4051	1030
2037	719
588	1673
3742	461
1606	1754
2002	3306
988	63
789	1209
3768	502
3658	947
706	729
419	496
1022	188
2547	1602
3058	3770
1941	1169
1432	1018
1347	3954
791	1319
3528	1088
1386	1940
509	2861
3486	1947
2426	490
3420	2899
3369	3818
1652	2937
1090	2682
694	533
3376	3195
350	3243
1608	3420
1796	2883
1801	712
2537	661
1502	3224
2698	2283
1108	2591
3217	252
895	3044
3617	425
702	3273
4017	2592
2021	3557
1452	1027
2309	975
1643	3469
740	2892
3563	2973
2236	1044
144	2543
1735	1268
844	1035
4096	198
1523	624
2593	3919
2512	1436
1448	313
3862	2534
589	1856
1356	3623
1772	3599
1357	284
3107	3345
324	1868
3724	3997
158	3336
2978	1082
2266	992
1587	1613
2672	3959
3848	1720
198	3604
1032	3004
2453	1268
3250	812
3014	3531
388	189
2629	955
1931	1327
570	2470
1022	1637
3309	233
3986	2367
3955	1702
2721	2719
3835	2637
3654	3010
3004	2519
2045	650
2364	281
1730	917
3611	708
2285	3985
2732	1892
2168	1406
2809	3980
2531	2723
560	3441
1357	4049
2037	1050
2926	2582
1084	3364
3257	1640
2900	3131
928	2496
1147	3851
2279	1507
606	2666
3995	3722
2953	2022
3198	1327
1630	3350
3946	565
490	2642
3431	2067
1004	2253
935	2298
380	1248
1544	2005
2696	645
484	2774
3190	2604
2495	3301
2683	2536
3348	3486
3802	679
3375	3998
2990	1324
3244	40
644	3360
2702	3581
356	2642
3058	4064
2818	4086
487	2228
2750	2007
3869	3499
663	3570
2098	1055
818	3837
2328	306
798	1084
123	73
3155	962
2000	786
1176	2449
3737	2497
3976	1187
750	2378
420	817
3806	242
3209	2867
2567	1998
3232	596
282	75
3769	1458
1562	2122
2607	2865
588	3733
3801	1982
920	3561
857	727
1031	3811
3837	211
3351	1791
1411	1008
1023	2647
3062	61
2179	3488
383	1643
2858	1893
3117	55
503	3421
729	3059
1480	3998
2359	3257
2694	776
3444	279
2289	599
3801	3241
3114	1256
2921	3762
878	3829
868	252
1265	259
1221	2777
837	3162
2825	2949
1129	2181
256	1557
1379	2204
1612	2633
429	3949
824	3985
2120	1954
3810	2917
3596	3423
2032	1288
3939	713
3583	3877
832	2085
1543	2521
1852	3527
3749	1533
3201	3660
2702	1447
3496	1262
340	249
3340	405
23	3002
2248	2128
4011	1314
3015	1706
2483	199
3247	2672
1051	3759
3226	669
2738	2264
619	1827
640	3319
1800	2963
2003	209
2354	3754
334	536
2576	3313
3067	840
2818	2275
3665	265
3468	2280
2298	2271
3604	2153
2929	3136
3970	1286
3678	1711
2362	1413
1752	1336
2250	3874
2613	1678
2420	3491
3072	3566
3625	2009
294	215
3361	845
2985	504
2173	1373
3295	2102
1096	226
765	3000
1150	1322
2992	972
1690	1498
1805	1557
3731	3331
1103	1302
3158	1871
2289	2764
96	2208
3200	1634
151	1855
3341	153
3098	2008
179	2059
1835	869
2478	785
394	2165
2147	2358
1619	2632
161	2164
1011	2385
2430	1978
2629	1058
867	1723
567	1308
2211	2433
2741	1886
3798	2480
442	341
1153	2103
2241	1364
2804	1962
1008	1134
1678	494
3172	416
303	963
70	1917
335	853
1910	1743
2935	1336
3832	3273
3447	2125
3412	2205
2781	2164
2160	544
2725	2625
1499	321
3788	3563
3383	2800
3193	2125
1883	2180
4013	2344
2658	1456
494	2769
1316	226
3032	3040
1072	1907
2998	3262
461	1758
2690	1914
2729	1567
3489	1313
1420	520
267	971
1576	50
1692	3522
3964	221
734	2468
3384	3437
4085	3687
3025	1169
2024	1689
611	222
2146	471
653	2331
729	264
1610	1235
3134	2718
1339	3079
894	2469
1039	206
2921	2777
2400	640
2561	3766
1709	3950
1056	506
354	214
2204	3429
1148	3089
1396	815
2093	2075
1197	2295
86	1833
3789	3139
4013	720
2753	3436
2059	2135
2785	334
1251	2768
1855	3318
1217	930
2939	1112
654	142
4054	182
3167	2889
1285	2196
3038	832
3036	3002
2932	3162
3222	3606
956	2914
1543	1836
3934	3098
3600	3589
1443	3776
3957	3792
296	3128
3473	1075
3301	369
997	1602
599	2949
1756	252
2145	2616
564	2985
2715	1772
3002	2190
2103	280
1333	2838
3471	2951
2538	3694
1565	3865
2165	2246
491	271
2842	972
4061	409
1280	3645
1751	2374
3654	48
3683	1024
1649	3752
3720	1796
2700	1076
2415	3332
867	3770
2265	2620
3161	3456
2886	3639
722	3857
2776	1216
3105	2882
2119	3911
3567	1054
2777	650
2652	1810
1805	3245
375	1443
1915	92
1431	2571
348	2269
3546	657
1998	1099
1722	3410
1492	3662
71	3451
302	3111
3937	752
3842	1231
2866	920
2799	2515
1997	688
1867	3616
164	416
2121	3203
3697	840
3409	3961
3293	1272
779	923
2689	2710
1703	2
3792	2865
2862	284
3358	1408
1911	1234
1214	285
317	3689
3072	2807
1887	878
298	3832
3242	1667
2713	382
1630	966
3351	724
1792	3804
889	2744
401	506
2464	2316
2794	1787
1840	3661
338	2615
3614	1635
1884	3213
2536	1229
2430	566
3375	2804
2841	3517
429	2319
1712	2592
64	1416
1174	3735
3627	3994
1474	1758
4088	2738
3769	626
2855	295
693	2153
835	2324
3550	2138
3207	585
2173	1661
1346	3152
3442	1956
428	1904
3064	1908
1981	3075
3693	2698
2006	14
2602	2585
2438	646
1204	1808
3068	2630
3082	3780
3908	3807
2109	724
772	4040
3633	619
3452	2457
2277	1585
3228	3339
3243	426
724	2944
2078	501
691	2803
1646	3183
3039	606
1811	498
1347	2210
3129	1672
1924	1426
2235	2779
2594	1831
2881	209
2991	1945
608	2000
529	362
248	1722
3449	16
1339	1882
4040	641
982	1727
3148	3800
416	3905
4031	2366
3700	1702
1852	968
3924	3067
960	172
3299	56
1475	3593
336	3703
2163	3272
2281	1916
1481	2374
875	875
1467	731
3932	971
1173	1302
