421	5188
1844	5777
5638	6809
7854	4844
6080	1867
4080	2180
8127	6269
7671	6383
2539	6448
6919	1252
699	3046
6948	4703
4090	2931
834	78
3482	3865
139	2093
656	154
7355	1071
1333	2197
6513	5334
7024	1838
7912	4977
6875	6902
341	2935
4554	5473
3950	1886
4369	3136
5437	4391
378	3998
2928	5221
3562	4153
2631	2978
6071	1792
5490	1482
3168	4243
2785	2197
3817	4267
1236	6766
1157	5025
239	7022
6975	6307
942	3265
8156	7265
2316	1577
7434	3633
1449	5153
2540	1627
7911	7553
2593	327
2375	7497
6732	6219
6638	6815
6974	4817
1417	6438
5889	5103
4286	3983
686	8079
4095	5654
8074	5947
506	4514
5403	6961
1896	1945
4903	1932
1151	4111
8104	7572
7372	3349
5110	175
5449	3810
1011	1402
5427	4346
4508	999
4742	2481
568	5384
5444	5941
2930	4321
7961	4696
1533	6225
1407	8189
6373	3467
6064	591
2457	4052
7514	2888
3897	3667
750	3419
5395	7963
728	567
6676	1536
5026	6103
3053	6450
6934	4134
3883	2488
710	360
2075	1518
2599	2758
7543	5707
4205	887
3325	5559
5430	7847
6790	3347
6150	693
1374	6487
5612	4937
8181	2046
6046	4106
2246	6844
2901	3253
3398	5135
3770	3657
3354	3514
5245	2853
3208	4103
3689	792
4539	7138
5716	2142
5691	6121
1978	4748
3119	5572
3842	6450
4258	771
2092	3455
6644	2854
5670	5130
2547	5389
3836	4735
4455	6795
7929	3248
6936	1898
2271	3279
7626	3812
4938	5659
4931	2473
3083	3348
6907	2749
1825	1471
66	1950
3921	7659
2495	3404
6539	8133
7023	3924
6467	3642
1663	974
2707	7416
4487	401
3910	1971
7895	3833
5856	1930
1203	8125
1250	3087
1343	491
7122	5802
4904	5902
3253	4769
6351	6237
3677	4170
61	5165
7701	1854
6659	7802
4241	7893
7208	2371
4541	3939
5781	2808
7226	2594
1624	6928
3169	668
7596	3098
6504	6153
5175	7600
924	1785
496	5951
6706	639
5654	6673
7311	8178
7354	455
2478	322
6223	2652
8156	1757
1868	3575
1572	358
6837	5811
6045	1453
3434	5928
5428	3967
7855	7413
4521	2966
5892	615
7650	7902
552	3301
1796	559
6309	1466
4637	1956
5817	7018
3138	3892
426	36
4762	1432
4115	682
4950	4649
3347	1910
6103	3427
1034	7237
2303	4564
6547	7291
6464	2018
4833	748
5038	8137
3885	16
800	4213
7272	4487
1854	1922
2028	5884
1325	495
4485	2024
5085	1836
2274	3746
7634	777
7478	197
3138	7629
7853	7191
6187	3512
2975	3471
4040	4826
6959	7806
1015	7844
7897	4320
1620	2838
7045	5494
2124	4122
6587	2627
2631	4097
1901	5972
3299	4313
5270	819
8066	7562
1709	5172
257	3639
5492	6521
6206	5493
3899	7910
2208	2830
7820	4826
2231	6364
6881	5929
6274	4156
3682	6335
4906	5732
5194	218
2406	6901
7911	6420
4486	3191
5397	5446
6146	321
8151	5171
752	2842
1462	4908
5327	3363
5322	3652
4601	3948
4190	4231
7543	3884
3619	1810
847	7738
1694	7898
6787	5426
5426	5425
5124	4544
4678	208
3457	4764
7395	2527
774	3404
5755	2050
3818	5886
2260	1710
1500	4597
6407	2217
939	7181
2642	2599
2741	5310
2915	412
5721	3808
5337	7673
2800	2745
6249	6758
3723	2201
5509	3337
5860	961
6902	1086
7241	4777
1788	912
4252	2792
1893	3824
7542	2476
211	7550
5664	66
4214	2196
2632	5235
6891	1756
5698	6042
3058	4419
5442	1022
3773	5583
7682	6043
2835	6507
5988	7771
4389	4969
2566	6294
3251	371
3337	8030
5736	2394
3047	2635
2783	2021
485	1565
4625	7336
6710	4321
7049	7432
7264	3021
5058	4737
3722	4094
2079	3665
5457	5133
2257	7310
3770	7434
4635	6007
35	293
6516	7387
5992	3812
3728	3630
3446	6910
1553	1562
3383	6886
5753	5158
5103	4229
6712	239
3186	6859
286	2024
6535	1099
3914	7432
7792	6708
4903	6324
5694	7769
4426	3962
915	5177
875	3752
7749	527
5806	1395
6751	3668
1837	2998
237	7918
4978	5934
3247	3878
3932	5131
1957	3008
5519	6223
2416	5429
5117	4025
6244	1930
1928	4600
2946	825
1594	4242
6128	2461
5283	956
280	3396
5291	3337
3106	7964
2341	7801
4379	833
6928	4010
7190	4017
6754	4503
4737	5612
5265	7196
6558	5669
2549	1567
15	3571
2277	3814
2791	2315
6184	6396
1875	367
2790	7028
4307	4771
4862	4963
1706	1484
4795	5205
5015	7984
7467	5196
710	4877
3508	6015
402	1007
2429	7824
1334	2228
4327	2975
4876	1591
4653	6403
7147	4758
15	35
4898	4011
1116	1085
2757	509
2733	5312
7191	345
3439	6106
7370	2513
1125	5967
3362	7910
6828	4650
5104	4303
3951	4900
168	7566
7448	663
476	7868
2037	3417
7118	6985
2419	1198
5399	4717
5499	2697
666	762
2065	2750
4989	4240
7786	5694
4742	6638
1312	1872
1552	3447
3282	7416
1547	3129
3382	5939
349	610
2362	3192
5784	3505
514	6351
6877	851
459	7196
8190	1509
6297	3850
4198	5166
1311	3032
5703	1716
1810	6963
4498	1056
5464	4392
1654	3506
4502	2794
2683	2788
6953	7962
7926	7941
4847	3676
4872	7855
193	7475
8129	2124
2809	5999
6165	1257
3943	4952
5314	535
6122	6659
7521	2968
2444	404
2913	2909
3833	6520
6010	3883
7967	813
7618	4502
4431	1524
2438	3027
1526	2613
1170	1299
6882	4664
2540	6460
3298	6552
2637	636
2412	1801
6677	4528
7600	7855
7283	469
3311	2168
3288	635
6239	1678
4832	6329
3975	7014
7662	2030
7106	1820
3788	6904
4553	5492
2575	6007
5874	4143
1978	2740
6563	2284
3981	940
842	5473
7008	4670
5791	6929
2272	1652
5401	3721
1994	110
6241	3853
7995	4849
4940	4678
2068	7289
7842	3600
4369	414
734	4159
4438	4823
6157	2926
1815	901
6834	2469
7566	6288
3347	4899
2145	7060
5073	3043
6021	488
2994	7790
7265	7179
4453	6709
6174	2216
7915	1562
1746	3080
7300	4365
1943	1516
737	4335
8056	6662
904	5062
474	2032
5168	3795
580	6738
260	3278
6656	1899
5433	4453
4072	97
3705	6257
1538	7803
6738	5949
7092	8046
5626	7315
6828	609
6800	5756
4677	7297
384	197
55	2850
7557	7320
4949	5366
1174	3550
4645	1902
7271	2540
2511	1932
2503	1503
4259	7352
6824	618
183	243
4444	204
4013	5203
4953	2364
6417	23
6622	3536
7874	6598
4518	880
7028	1167
168	6577
1270	2710
4949	6524
4365	4303
5287	5271
5593	6705
7734	2574
1376	7895
6186	1784
2107	7316
2725	522
5069	1971
1930	4809
7416	3726
6594	843
6007	3427
6466	7041
5295	4262
5935	500
526	278
7924	4121
5663	7108
840	1760
3443	4105
486	1246
6433	5948
6000	2298
5696	4620
286	2673
5486	4366
3074	711
6960	1954
1672	127
646	3104
1234	3228
4081	5598
6028	3320
4873	5804
1918	6516
2878	1924
6976	4663
7226	6556
5753	2992
6734	3856
5309	5212
4076	6105
558	1819
3491	4028
1237	6552
5749	3822
7616	7912
3758	3603
5968	7742
1392	1866
7052	4112
2708	93
869	4873
2085	4493
3063	1984
3805	3464
4281	7586
3905	1911
4456	274
3472	7599
5903	1881
7996	2440
3298	8117
3646	4775
1278	6761
6431	4008
2286	7434
1991	471
5725	3529
7846	8044
2340	6817
2206	6844
5111	8060
3807	7440
4678	8006
7029	2928
2708	2267
5870	2619
374	303
7046	8165
5298	6220
3551	6365
2929	2901
2014	6130
7928	2692
2809	116
5840	3099
6277	7396
517	5275
1041	6535
4553	1412
4432	6700
2072	3814
5610	4857
2657	7975
193	4393
1098	4866
3875	547
3494	7729
8108	353
4970	1842
3368	3354
5683	6738
5862	1767
8018	3309
2994	2470
2128	3418
7057	2842
5819	1705
2490	2365
1443	7278
6731	3823
6032	1913
1501	7257
4817	3548
5761	6795
6901	1558
8061	3333
1859	1813
5257	5415
3344	2428
7099	7770
2561	3703
6839	5273
5767	3367
4171	2030
5901	1471
7423	7077
6488	7744
894	7906
3468	7998
8029	3927
6944	3175
482	4607
7864	6489
526	673
8118	6020
3346	286
7182	7807
7538	5014
6223	5492
618	7423
3433	4379
8142	1517
7832	4837
1457	1579
1567	2079
3572	3841
6071	4054
325	7569
1285	1188
4832	2681
429	2402
7072	7010
7939	6038
7670	4369
62	2437
2614	6200
7328	1228
1224	4454
4623	1306
5303	4886
7865	951
7379	2782
7639	113
7136	5887
6759	172
1857	7417
1786	3468
6899	3563
2259	874
7710	3221
7805	8077
1102	5156
304	4007
7667	2883
7821	1826
2727	6760
1641	3437
8095	2642
6898	6453
1649	6880
3919	4673
5380	258
3589	6171
2965	4260
2659	7159
6176	7274
6052	1391
5486	1458
7983	2484
2584	7446
4933	4106
2885	2593
4721	5505
5446	1541
5348	3709
845	2329
7306	972
4518	6956
3806	8013
4259	4461
1315	5215
758	2012
2336	1474
2692	708
5064	40
4428	7083
4568	559
5058	7943
1137	7979
6692	401
1252	2995
7991	4221
6072	3087
1387	672
1422	6586
928	6651
2299	4265
2537	2631
6461	7618
5923	829
6512	1042
229	1673
540	6076
141	1128
3678	8111
6226	2708
2679	1446
2034	4087
2894	3205
5206	4461
2937	2093
2192	847
4630	7413
8003	6954
7585	5936
7983	7453
6445	5134
4587	4437
1780	6228
3574	4759
5618	5744
2225	3966
6638	3730
6113	3298
625	3342
2772	685
2689	3852
1677	7157
6308	1948
6214	871
7855	341
814	3659
7576	2480
8069	7906
6530	833
4570	85
4115	7556
4984	4175
4007	136
3384	551
1188	2228
6581	5599
2674	253
376	7408
4856	1061
7353	838
6399	1772
543	1994
6716	5856
4375	1612
7981	981
7023	294
5376	6152
3400	5980
5344	1459
8188	4047
7183	5331
5396	6120
626	2205
961	227
3674	877
3553	5639
5435	8148
2627	4457
2248	5271
3273	8099
3578	4954
5236	650
7723	5700
1871	362
4048	6530
6251	6636
6073	2131
4151	6593
7875	6951
5816	3199
6371	4647
3927	3892
386	6319
6082	6642
4378	240
7860	2435
7453	5578
3275	2218
6681	6953
6669	2628
6257	4571
1016	4278
4549	1710
1933	4
251	354
2998	3521
3835	7157
1089	6885
5095	5245
2289	2106
7138	7918
7268	5940
6593	7604
1472	1719
7311	4022
7387	3351
3982	1607
5700	8065
1850	7440
2980	4229
4614	3317
1015	6100
6567	7438
2218	899
7973	3921
6330	2416
6288	1522
3850	6555
707	25
1021	2613
7981	4744
2153	5183
3951	1517
1601	722
5300	7793
7844	5080
2081	1264
5095	2358
3323	6704
6877	5646
8124	1901
6085	7104
7810	3728
7109	4817
4802	7433
3745	5502
4791	7487
4281	7307
3047	4980
164	178
5662	1862
3839	1740
3339	2026
1693	3057
5095	5410
6650	7895
3148	1189
5120	3809
5226	3811
7523	4525
262	1456
6025	1907
6868	1091
626	3901
6182	158
4767	8024
4385	4609
1057	7392
4745	2198
2027	5529
4612	4377
1975	4603
4119	4066
7914	413
6978	3173
5148	4700
50	4822
5565	6571
2112	6851
5522	2491
1721	3546
7763	1064
3269	8159
1219	6228
7936	712
2432	4178
3330	2913
4997	6818
5415	2565
7350	7389
828	4839
5904	7239
7292	2355
2553	7283
7190	640
8072	506
6463	521
5064	55
1819	1420
7038	5636
3998	2672
411	7338
4630	1587
6854	3507
6470	3983
4002	6144
648	3314
2243	6176
2353	1414
6164	3433
7243	6249
6672	6674
1918	5838
2163	411
6318	3286
2307	2370
173	4697
1943	253
294	1239
4510	6369
8047	8187
4116	1603
7497	1775
1619	7882
3526	6307
4875	5032
6873	675
1013	6157
5894	3749
150	5254
1975	2942
6029	7148
2345	5694
5962	159
5047	6729
2718	2530
6422	7047
7910	7789
1945	1218
2689	5238
5311	2764
5355	1051
1534	104
3174	6656
1713	5431
7353	198
7262	2556
4507	4713
7856	2842
1682	3042
5821	2462
1529	4098
769	2056
3752	1169
7018	1490
3455	1002
4414	3568
2052	5265
3027	1981
6370	7114
1818	2709
6	2085
1791	740
6583	8159
835	4491
5084	4570
5983	3742
1772	5072
7152	1184
7129	3154
6460	255
2451	2485
2905	2722
37	3898
4786	655
2313	3962
8067	2743
8160	6758
2583	1357
7262	972
804	1034
6797	1579
3404	6851
5754	8158
5528	342
3275	3120
7584	831
6717	5444
1538	4847
4200	5323
5115	7422
3564	3502
6124	6372
1079	5804
3477	7451
3570	2383
327	6610
1103	7187
22	3375
5610	4002
7689	4967
1126	531
3475	5879
2100	1759
1	5046
4180	103
3472	6141
2530	348
6353	2021
1901	3909
5423	1609
4085	4824
288	1321
7457	3525
156	1907
6511	6833
893	4168
4403	827
3537	6732
8072	5905
2717	1991
7000	1391
7394	5697
7553	3994
897	5588
7257	3926
6871	5591
1112	5726
7400	6008
5031	3732
5724	1687
5645	5954
4387	7943
5211	5483
3216	2676
7893	5260
4334	2114
770	1938
2257	8169
3987	3745
1961	7608
4786	4065
7100	6726
345	4305
4712	1105
7809	6514
7799	7469
3504	3032
5868	2396
3081	3217
6469	4412
3461	3416
1707	4925
5572	7330
2132	370
7279	4549
2971	6961
1139	630
6706	6841
8134	4918
7800	7430
3226	1739
4541	6670
1627	298
3038	5487
4508	1087
7815	5578
3791	5460
5308	4502
2236	6009
4152	7138
2724	7324
3202	2374
4694	2749
7812	546
5755	3961
4899	1682
909	1093
1754	763
8038	7352
4980	735
5951	6492
5620	807
4011	3601
7895	1026
7571	3192
677	2681
4172	258
2152	3273
7802	1524
8038	4865
2892	5387
2521	7653
668	12
5939	5752
3347	3598
1574	1007
3161	6421
752	3557
3356	7835
2540	7063
6763	1553
7371	3560
6312	6636
4013	6093
4607	7328
6129	1118
6194	1986
5959	5963
4024	6918
4713	31
6997	5836
6404	526
1671	2369
603	6252
6033	7890
5101	2303
7747	8020
7127	4852
3487	3010
7004	4998
5170	6417
4595	1182
7449	7001
3556	3735
5747	3294
5370	449
1607	4523
857	2817
1044	3078
2664	4416
168	4693
6301	6411
542	5958
4653	5769
6692	1926
1504	2547
3354	7961
6756	2648
525	4098
714	5813
7316	3271
7281	7121
4932	6052
7830	2076
5446	3022
7893	2091
1245	2733
5829	7427
2136	4210
7905	4647
2757	5144
733	2308
4191	4450
6387	2667
4116	90
1512	2086
3315	331
1241	27
6777	6211
2637	2952
5815	2976
1707	5799
1919	7400
6560	6818
6282	3728
2091	4704
2021	4137
3434	575
1654	1738
5072	3207
6895	2417
4304	4476
4455	6233
1035	5018
4011	3703
4971	1064
3125	4919
5251	2728
80	257
1098	2250
7220	87
6589	3026
6685	2635
2558	5942
3127	7950
6095	6097
5799	7134
4790	2936
5045	3730
5424	4880
8163	6989
2444	7825
8100	2845
1994	688
112	7682
6103	3876
4879	1671
1736	337
8016	519
917	6534
5303	5990
97	1073
1245	4665
54	5921
1395	627
4088	1588
5561	4673
5278	629
6040	3464
747	6665
3999	1551
4267	931
2538	6836
6610	556
4668	1300
3479	7790
2231	7494
5034	1125
4103	27
2545	3755
108	1128
6949	6261
6969	151
909	8005
794	929
7522	3328
5139	744
2719	1299
7719	6016
1877	4996
3199	634
7379	2992
3643	5524
2000	3649
3817	231
5179	4216
6183	7280
99	4310
2406	7143
1796	6602
3052	6222
1236	3648
7966	6789
1078	2758
4851	5400
8138	5263
3613	7880
617	5459
4944	6575
6873	957
597	5991
3087	7692
2436	2507
7852	2703
6799	5418
743	7007
6299	5874
2080	6011
1992	8048
512	6657
4764	739
7732	5658
323	4196
1750	2274
675	6497
2865	6926
3961	5453
5727	6210
1460	8111
7316	2761
4140	4218
3033	1659
3636	4099
2595	1677
414	4310
4848	6339
737	905
6637	6234
5260	8145
850	3175
6543	7004
4349	6109
6962	4103
69	5593
2665	3287
6229	4630
3582	790
2571	2576
220	6732
2172	792
4522	4259
7666	4746
6298	148
6176	6622
5803	1757
7689	6210
1096	1018
3953	5952
958	1874
3247	7761
6171	5536
4841	4030
3580	3450
5954	1095
3489	3202
5367	428
1107	5028
6527	2737
1734	7663
5130	4921
5070	7533
3681	1019
7366	5956
5526	5892
17	842
2362	5916
6519	783
6892	1622
6621	6151
7247	4961
2721	6910
2840	5525
2880	5194
4705	3226
3453	7919
5989	6213
5792	5412
53	6898
7407	5692
592	479
3185	2976
7969	1127
6729	3572
7970	6800
2420	3744
3062	3360
4568	1703
7393	6745
6210	1406
7711	3299
5918	1822
1683	241
2792	2889
5163	1691
2530	6746
2105	1473
4521	2910
6261	6783
7806	4708
3729	3373
4236	2896
1441	209
3243	3743
4173	6076
6299	2812
4172	6020
5227	7761
1175	3644
3541	3265
6863	2046
5013	2664
4415	5696
7233	1977
732	7922
2222	4646
6397	1741
642	7876
3915	2694
4477	38
2395	6890
5695	4733
3130	3285
1294	1651
4853	752
213	787
4999	5187
3861	3340
5222	4277
47	6917
3715	548
2234	6882
2341	5964
7264	7774
2209	8191
7103	6415
6141	1445
3265	825
1233	6669
7591	7038
6142	7021
7968	1870
4835	6225
3960	1857
654	6943
4454	774
4744	5014
6342	8029
4645	2051
7116	444
3827	3985
4568	7392
1028	1501
3217	7352
4447	4068
8014	6946
2697	4334
1474	3677
1633	1960
2713	3953
7169	1374
1018	1243
6958	5759
2425	2610
2702	7379
3278	6596
7869	4540
6572	1294
2118	2202
2873	1501
2921	8042
1210	1191
7414	8080
4120	5461
4855	2595
6734	2892
4861	6227
5785	2082
7109	4745
603	1774
5056	7400
2680	773
7018	7098
8146	2989
4310	806
5935	4066
427	1789
1871	6447
4510	6190
7693	7455
6267	6696
676	936
7438	3266
6718	5077
5411	270
6693	1558
4538	6748
73	5405
6350	1690
1530	1885
6203	763
5783	4003
3516	450
6934	6935
6016	6870
1207	4853
2495	7023
4021	6938
1775	7656
311	5702
2908	5585
2330	1096
846	6872
5463	767
6365	7759
3974	1624
8065	1535
7985	6377
3493	4153
390	6848
790	3962
5447	7848
3887	3859
1593	7820
7588	1247
4581	762
3275	7976
7671	3215
7913	7678
3682	3049
5491	5973
42	2280
6639	5999
2654	2057
7029	7714
1583	974
301	4266
7441	833
6320	5172
596	2372
7791	3053
1639	7215
881	7410
5251	2951
1446	8003
1434	865
3361	8016
5134	6749
5129	6073
7475	2820
517	1514
2527	2143
1795	6432
7467	2319
7526	679
4489	7802
6645	8081
5775	537
4224	1763
8174	1232
5998	1749
2788	6338
2008	4603
3430	3662
625	5533
2490	4674
6567	7248
3409	916
5896	2020
1106	4027
7088	4493
6318	7685
1342	3259
5924	371
1743	6061
7402	6521
1691	707
8092	5955
4282	987
4226	4914
4120	3866
5250	5338
407	3381
1232	2937
2175	920
1364	7855
6538	2985
8160	898
6393	7279
7597	6876
1787	5604
7459	1333
175	4562
4112	5914
6345	278
5776	5120
7465	5921
6821	6913
6157	7086
2089	4405
303	7362
7840	6497
8115	2658
4076	4308
814	3295
4299	3326
2870	3435
1236	5983
5928	7974
3737	4445
7267	4133
2071	1359
957	4747
4754	6296
1541	805
4469	5024
7393	7235
5174	1668
5353	6330
4613	5970
4577	4772
5564	5782
6714	7519
4292	7388
4618	4075
1542	2007
3827	8101
2646	1534
692	4169
4606	3269
6378	2979
7300	8095
4188	6441
1865	4601
1484	2396
8018	2350
3609	5358
433	674
3687	5061
7251	6521
7297	5014
1623	3339
2096	1048
496	5148
7302	712
2177	662
1414	2759
1537	4162
6368	3012
526	838
2539	1790
2200	2696
6707	3152
5137	1506
94	3566
1504	155
3798	3285
1686	2531
837	981
5785	5770
1848	2568
7934	6274
4079	2851
6463	2996
1096	124
2858	4641
5438	1815
4550	6192
7693	1018
6920	2510
4605	2539
5432	3927
1769	854
1761	7449
4262	2420
3596	7062
5672	4299
8021	762
4240	5420
1392	2072
7903	2495
1882	524
3323	5688
5142	5373
859	5021
4492	269
4346	370
5957	167
1121	6842
6602	875
3060	8054
7416	6743
2788	7449
1279	5000
4305	6054
7649	5431
1483	5721
6394	3957
6628	800
7282	1473
7242	6699
2227	6567
4374	5806
2366	455
4585	4742
5652	3314
5593	2456
6211	6674
7395	4267
1959	2240
7505	1173
7104	1185
931	4196
1744	453
3564	2772
364	2568
4027	2202
702	7898
3795	5585
3664	7909
2355	1363
2341	6455
2038	690
3593	2489
6546	7548
3821	7517
1021	7455
2783	5413
3463	658
4565	4937
7945	4423
4632	6870
8031	2189
2951	2702
1864	7106
4665	8090
3792	1674
8097	469
5103	4472
3956	5744
1011	3051
6082	408
4069	2942
7789	1635
5915	4540
522	3075
3153	3808
6599	4699
103	1658
1075	4664
6132	5377
7348	5266
3325	3868
3098	7834
812	4398
4605	4437
6444	1376
6472	1751
3264	4212
2970	1175
432	2398
47	1330
6514	1878
1773	2547
2343	7216
3239	7134
7291	4243
4961	6967
6599	3272
436	8115
6096	3346
7321	5146
912	3720
6314	359
5468	3327
818	4917
198	6271
5371	384
6154	5636
2720	5401
2518	7160
7928	6745
4217	2243
6687	3190
3444	4849
8084	5666
5855	7577
2327	6961
8176	3461
778	4276
5739	1701
583	4855
3035	2969
4115	5746
682	7398
3834	2090
1380	3293
659	5333
6684	5713
7328	187
4966	5105
940	204
463	2350
2835	6270
7370	6107
4159	2385
240	3012
1462	6159
5751	8123
3931	2485
6499	6512
4349	3935
3787	4433
299	285
7890	496
1046	5292
6364	2896
3415	4869
4993	4377
4192	5246
4441	7157
3895	629
4151	4283
5759	3582
3167	6026
3697	937
4105	136
1563	7842
3409	7226
2308	6835
4348	6135
3866	1236
8150	2554
1823	1043
3893	4240
5304	5286
6290	7075
5938	989
2600	3137
7292	3067
5164	4264
6949	379
8123	5595
2519	3297
4352	5264
2709	377
6734	6454
6441	7972
3286	2359
3651	2197
5377	985
2305	5562
6210	6340
4979	4971
7763	432
3809	1380
4228	118
1695	5250
3106	6106
827	7740
5062	6985
7279	6590
4558	2949
5080	3704
7820	1233
570	442
2542	8052
7765	7061
2304	932
2082	3066
7212	3844
4974	4536
4445	5114
4146	6585
7626	7372
6782	2133
7191	5481
1569	788
7957	92
7761	4633
111	3523
5921	6462
804	255
5541	545
5869	7137
6091	5549
2695	7785
488	7771
3546	4270
7379	1599
1730	519
4570	399
5880	1529
1995	4770
4646	4893
2076	3382
1841	3542
3111	5514
1971	4796
211	8091
5718	6184
4033	7633
1092	469
4501	6921
3392	4704
6115	1470
7012	1466
2247	7242
1372	3271
1303	4719
2802	3621
2183	2071
7517	3256
530	4459
1331	4888
3043	7036
7024	6372
2097	4832
7698	4136
5000	3475
1234	7660
8122	6644
7736	6759
270	7006
1921	7780
340	1340
1036	5470
2348	271
4761	4532
234	3545
7375	7731
7124	7013
7588	5437
5927	6603
7308	6229
1494	3727
4461	7685
813	5665
7924	5804
688	6031
5418	1820
1162	6293
2772	5864
732	212
464	2411
8059	7937
6356	6646
968	7694
5410	2187
1949	7807
7823	3345
4740	7899
3998	7331
7039	3715
7980	3323
396	5770
6604	6717
2286	3857
1726	5884
4880	8179
111	1409
4512	4803
8038	1004
7603	5502
2570	6618
1736	7888
6619	6980
5205	5341
7801	5543
7324	4429
996	6482
1065	5030
3094	8114
7219	7928
1213	5700
1567	4439
1483	5255
3563	3912
5490	6058
237	3113
3991	3242
2944	4065
5487	4693
4629	1087
1126	5245
816	584
3640	3395
8169	5342
4209	5003
424	1212
567	5170
7127	1799
6820	2734
1800	6765
7425	7748
6112	4325
6971	2342
7992	6912
1526	7763
1419	4661
3912	2150
2346	4492
2608	7424
5892	2895
8050	5217
4509	846
3744	7163
7055	4970
7838	4299
4016	1051
5835	7933
74	592
7827	4009
1555	6150
4670	6037
5338	4280
3542	2272
5768	311
5063	902
6222	8122
5577	8081
1388	5252
2204	7574
2829	5271
2209	3377
608	4405
7250	6123
2997	1876
8145	4964
7157	6127
4274	1064
4	4254
834	3426
6200	4246
6125	3998
6678	313
1942	620
7703	2397
1379	7018
5475	2126
5952	6562
49	5703
5736	3370
7835	3266
6309	2608
2159	731
4030	4235
4301	2520
5343	7103
1192	1475
3979	3638
4488	3873
1650	3264
1577	3025
1901	6407
2958	3835
2864	3118
597	5982
583	1279
1808	2264
2262	291
2055	1357
1371	1531
1791	4686
4231	1839
7137	7860
2617	970
3147	5166
3238	6184
103	180
1764	5168
4313	5309
3799	1156
7410	5071
8046	7066
4529	1176
6929	6082
2104	5636
7018	6400
5209	5469
6115	2196
1156	1850
7721	3607
6165	1429
6741	4384
2433	5459
3743	5760
4633	7967
5201	4386
1461	715
3766	5374
3934	2667
6913	6455
3608	5128
6250	7884
3760	815
6383	2234
4663	5697
434	1897
7473	7213
8013	921
3067	363
1629	4023
4684	2197
1262	3742
8017	722
6477	6160
3630	4205
7990	5287
2774	3872
4856	7323
7789	435
5935	2185
2325	2390
2757	4943
787	5198
7111	6016
5053	7544
6541	7067
505	289
6688	5443
5409	5711
533	1519
7175	2024
7302	5001
76	5797
4137	2207
3295	2814
5659	5715
7345	3532
4663	229
1929	2371
1907	1634
4929	5608
1859	6734
1056	5384
3632	609
2377	8033
6264	576
6164	8161
7424	1612
5026	8036
5556	4423
6121	1595
6478	2044
4546	2298
2901	5033
909	867
7362	1031
2173	6440
3777	3869
851	6974
4318	3011
4067	1576
2793	3603
4597	2118
3134	1680
4947	4615
7662	6918
7546	502
808	943
4694	807
7267	3851
7508	1002
220	168
4340	910
7704	1887
5967	2877
6816	6741
2949	642
2302	1172
86	7802
4914	3114
7381	4803
1670	7049
1996	188
797	280
1504	8009
4986	4798
3791	7457
4620	3102
2816	7186
3724	4565
5147	266
5520	2489
7211	3090
3599	5429
827	2250
862	6384
2271	7470
941	5586
4787	6669
320	7720
2959	7040
7167	6616
5394	6814
6685	330
7683	5770
4053	5855
3588	4689
6987	7786
704	4752
6595	2948
5256	6473
2145	4706
3204	7990
7164	1909
54	5759
2551	2782
4217	4069
4840	6356
6220	7546
6659	4127
3314	2619
1898	2886
7941	3985
4762	5893
3960	4948
7100	5840
4654	1392
7992	7658
414	1634
3421	7005
1586	5175
4641	5923
520	7021
3536	4761
5018	956
260	1741
130	6202
2235	3710
7156	1096
1251	3554
191	4301
582	3038
5997	746
2965	7831
4111	5201
4013	7631
4313	1745
1835	7310
7397	5401
7651	7083
2558	5339
2801	5514
7592	5850
717	3462
2341	6232
6422	8038
5660	2993
3624	1903
7300	5587
1407	3888
2277	6803
7780	5853
7876	8142
7203	2153
1871	1010
3533	5106
1843	7147
3936	4251
2758	3396
5074	4625
4981	2207
3615	3899
3174	3449
5447	337
968	6728
170	7117
980	3102
7602	421
8104	6149
7285	385
4694	3208
6128	5785
4319	4837
6052	3311
2168	2642
5346	4443
5644	6569
2587	3606
6521	7861
2944	6258
3759	3208
1519	1101
7076	622
6921	5303
4632	7787
608	7847
379	1211
2176	6797
6334	966
2876	666
5823	6599
3130	3941
6908	6488
2373	3581
6653	4235
1544	2016
3060	8171
2531	4334
8083	53
2366	2264
1122	170
3713	4807
2255	3214
7579	7813
2101	2338
6246	4243
116	7776
4993	6619
8118	3652
4414	3753
2933	4572
3727	1200
5296	1657
5439	744
4338	2681
7243	4513
5042	5905
2994	4912
4490	3587
4803	5055
6029	1176
7566	3325
5648	8077
3865	1245
6097	2504
2693	1107
6389	6342
1128	3497
1596	6022
2732	5116
4397	2096
4993	4806
7701	1953
7512	6464
7240	471
6522	1679
1570	5
2243	3962
2343	6248
1300	7625
6323	3656
2227	7100
6683	6028
265	784
7316	7412
5397	1962
4865	2873
5186	257
1733	2846
2074	6649
3113	4828
857	2453
4130	6318
4382	5363
3463	706
624	5904
7578	1677
905	1637
3468	6683
3781	1562
6445	5359
5049	5074
3824	8024
5631	5258
3123	1954
6704	3699
7066	7767
1416	477
6834	1791
6930	963
4021	3194
8076	3771
3024	258
7395	1293
5751	2429
3533	3132
945	5930
1672	1263
82	4800
5104	7248
4193	1330
6377	4493
3763	6514
4672	3612
7017	3243
1392	2906
7955	5669
4437	497
6793	5433
4401	4586
4342	1513
5910	532
5925	6301
7568	2310
3845	5918
6089	6922
2034	2661
6773	7689
6737	5882
3701	5092
5428	7786
6970	954
520	2719
1075	1812
6750	84
4407	3232
2291	7720
6642	876
3544	942
5825	3996
3383	8059
4538	2469
4190	7828
3711	5159
1883	953
3890	335
2937	534
25	1650
3297	7711
2027	6816
4950	30
457	2085
1568	6275
66	4231
1990	3631
6026	5256
1305	5727
162	6683
6021	2603
2795	8011
5420	322
5043	6797
4500	3697
7048	7401
6278	4888
3662	4379
660	2728
5623	6652
7989	4125
7958	1398
4716	4731
198	2758
5710	6722
2354	768
4152	3122
694	1016
290	3903
5104	7514
5520	7004
6276	424
5869	6277
1948	4845
5677	213
6560	941
2186	4604
311	1650
5453	159
6549	2896
2398	6761
4302	3918
7346	5950
3492	6377
7215	1484
1340	5528
5448	6540
5217	7273
890	5972
8039	1931
1254	2494
132	255
2931	5119
2745	5432
1311	2615
6590	7360
3873	2212
3255	7006
4036	2398
923	5718
7808	223
3059	1573
1208	6664
880	4904
2140	7101
1689	4081
6919	5701
637	4929
2775	2003
8181	7745
3128	1614
6979	1295
1590	3153
5444	6510
6952	1235
7040	6387
7612	1291
180	2992
5161	5025
7044	345
488	7213
6332	7003
4374	4112
6902	3574
2727	7904
3201	6554
3140	2794
4999	5007
5842	3512
2425	919
7221	4449
3256	1624
7831	1095
6138	5422
6025	4533
1839	383
7407	6266
5029	4212
8006	3822
6585	1160
25	2494
373	2784
2704	4221
1094	6820
7936	241
7377	5742
7392	2926
6136	4745
6375	693
6880	2172
7733	2615
4591	6993
792	5618
466	3248
4798	6207
1912	3050
6551	6881
3471	7591
4060	331
2670	8188
4865	7744
7851	4339
1964	577
7615	4704
3203	6687
5867	3913
5757	822
3533	7386
6005	4995
6294	7051
1169	1353
2002	2313
2003	2628
1098	3110
6367	2019
7050	1002
780	4881
4466	5491
1628	3233
3453	4443
3176	6373
2400	3322
6597	5359
294	7433
3418	3587
132	1499
7631	5919
7406	6761
1147	3131
1595	1915
6224	6810
8147	3003
7440	131
3673	2354
6922	6252
5314	1283
7941	7233
2670	3219
7286	142
52	3664
1467	4517
5154	7248
4870	4972
345	535
7460	6718
5612	4178
358	5907
2928	3160
6147	6390
8039	8120
5462	233
2476	5899
346	1005
7685	3145
7296	3086
3634	7899
8033	1261
2771	304
2529	5728
994	243
5644	2120
663	3282
3974	6401
1376	5676
5082	4714
647	2036
3533	6829
4497	3489
5738	3167
2331	4958
3405	6899
2635	7363
3730	4857
7528	1159
5034	3851
2617	4339
162	2400
1183	3702
3395	6478
4221	6983
3941	4167
2419	3990
6212	4972
4879	5495
5030	1026
5409	2610
796	2797
4567	7157
7153	1797
3394	1698
4459	707
5298	5217
6349	3671
4908	5342
2019	6122
4278	5826
6227	3957
6744	4611
182	3200
7047	6450
6365	5191
1521	4117
4081	3553
1820	36
177	1105
7120	1164
5915	6515
3437	6698
2408	2127
4353	4512
6638	3618
7603	7612
1308	4966
3264	7945
713	7775
7373	7914
5977	1357
445	7096
1395	233
1482	2362
583	1847
6173	2284
5958	3811
2143	2695
1847	5825
7441	7864
5344	3692
3941	1540
2770	134
7592	5041
6393	7653
7902	5652
7865	3332
4078	751
1407	594
5605	4030
7940	7721
1074	238
5643	715
1563	5751
5489	6165
5778	6786
5796	7149
5972	133
3733	5043
1269	1861
1495	3649
6893	3613
7516	3624
4287	5299
7881	7511
4266	7775
1781	3927
7196	7302
7987	570
3547	3687
3356	737
2933	2299
316	6115
1636	5926
730	1195
3792	2035
4488	4678
6490	2993
4053	7824
5299	6255
1564	5790
8090	7150
3352	2865
4459	2776
6871	7254
230	6655
3609	6388
629	6049
2125	2481
2054	1418
518	7521
4727	6223
6812	1311
3135	1709
7375	499
5065	6578
7770	2727
4601	4748
5466	325
2166	2410
584	2141
7882	1170
3520	2030
543	2274
5810	545
481	2377
2408	522
6542	4642
8184	6055
1014	7076
433	7609
1787	6123
6847	4913
2615	7565
1213	2397
5557	4643
4458	5508
7755	5429
7958	442
183	5874
2551	1037
193	1299
6620	4828
5614	1045
3900	5538
5667	357
4362	7131
1500	3295
2419	6757
2556	5061
2391	3009
1728	6765
2417	3934
3753	4216
193	5617
7230	5545
5288	8185
4779	7610
1680	4346
3441	7015
1860	310
3437	1599
1880	1203
1889	7489
6724	3392
6	5205
2911	4247
954	1437
1015	5441
1643	4409
1808	6351
6956	5184
5603	5474
3013	7942
707	4022
6691	3378
4706	2065
2956	1540
3286	2651
6549	7624
6285	1921
1127	4350
5377	381
7430	1019
7526	6863
3899	3636
3042	3111
1611	92
6130	1437
4175	1539
2601	5355
3308	3468
4287	4664
2291	5457
6622	7807
7649	3948
1030	8102
6585	2938
2119	4693
3516	65
5006	7915
3178	5561
6708	5499
2592	8013
2799	7528
4294	1642
7165	5113
2286	3113
700	6603
6461	4737
5045	2271
6131	6281
1446	7438
5835	5735
3398	2597
3652	6992
2584	5305
4882	3076
1807	6747
4662	6968
4701	5718
2616	5092
317	4183
2701	7797
3050	6112
3826	968
7469	6830
3067	5332
4283	6647
2210	3885
4218	5252
5237	1998
3187	594
7650	16
2827	1506
3701	2539
1548	7137
7685	507
3581	5887
2433	3568
4855	5767
834	3776
4086	5027
4639	6149
6374	5169
4638	5219
5110	5604
2854	3836
6681	3963
7239	1630
272	5339
3037	6949
5461	132
5949	6578
1449	7731
139	5463
7347	489
7364	3679
3407	5582
3515	1107
1842	23
6236	771
1011	3430
2346	5831
6136	7057
7724	1835
1619	6342
3974	2238
4372	1961
4926	4544
228	7628
1689	5951
7160	5389
1361	8169
5081	2605
6274	421
6658	5743
4481	1771
3009	3350
5016	6768
5006	3877
424	4500
981	512
201	3388
4672	1716
4592	54
3369	4748
1787	1077
5319	654
7212	3267
6329	6296
90	1320
6630	2835
2406	7210
1760	1672
1601	2409
6916	2936
4725	740
5421	7264
3532	6512
1821	1516
2707	6268
5790	7966
3737	6480
637	820
6250	6748
6231	1372
7901	2671
7533	4836
1192	2172
7986	3761
7772	6108
699	7006
1183	997
1652	249
4322	4801
6917	5479
3564	4246
3419	5151
1097	3991
2080	7043
5769	6752
4874	2067
3587	1807
6891	4705
1739	4789
6753	2904
2786	1666
379	5932
2709	5761
6856	4400
3993	6564
7106	4290
4395	7855
4561	760
2117	5472
7557	4387
1527	6310
7401	3334
8005	4362
5622	5118
8177	8147
6363	7620
1869	4717
1179	4069
4524	285
2862	1452
4175	6741
4133	2313
6524	6117
5424	6741
7838	2455
7897	7117
7767	4099
4643	7075
3642	3593
1641	5478
1996	5658
361	3817
5872	2894
2652	7607
1299	3909
4270	3106
825	604
7923	1890
6919	5998
2043	6791
4037	5799
4782	212
3904	6550
3611	2673
6368	7993
3764	1134
8153	3403
635	2585
3860	7585
5693	155
4567	6981
3558	1542
6757	4140
6697	3452
6865	1262
5630	3166
2821	3100
5429	5972
6567	6271
4606	5676
5340	668
7923	3135
1014	1278
7571	6696
2917	5824
3800	4216
5195	3231
536	4450
2155	6547
3542	7940
3920	4356
5156	6566
5006	6804
95	516
594	283
5331	702
2889	6105
5071	2351
2048	1051
964	4732
5146	8152
5510	2862
624	1029
6052	7422
1007	1384
1427	6599
2242	7868
3435	4569
7492	8029
6181	3926
6912	791
2924	2611
4065	5201
7432	522
3738	1371
7800	6898
8148	3592
5665	4429
8004	6446
6882	70
8039	7903
1727	2866
2950	1688
3455	994
5219	6525
2007	614
5396	77
767	429
7788	5700
3263	5364
1638	4858
6990	3792
815	1702
2834	767
879	5565
7187	3768
6374	1532
1423	2080
5943	5680
5103	506
272	3420
2844	1666
2725	8012
1148	6928
247	4561
7022	3114
4844	7456
7347	985
5058	4737
8130	8078
2245	4954
183	197
6970	1956
5585	4598
4705	1022
1142	145
3730	5912
4723	6667
2993	4240
6727	7816
2353	5119
3755	7060
6565	5998
2095	3643
6328	2162
7007	6230
7464	745
2114	2707
1497	1726
5646	7411
5306	6302
2091	7306
3944	263
2092	3903
6989	3939
4481	8039
7788	5762
7268	1980
4167	2882
1192	2329
3133	6269
5218	4226
8129	7743
6034	3487
3490	5099
724	2169
3071	4652
350	8040
1500	5227
913	4588
6124	1023
6370	1087
6980	7888
1960	3362
997	21
3339	6195
5653	7302
1421	2973
6352	748
1705	261
8022	328
7530	2730
752	2006
4763	1237
6893	3036
647	5353
8156	1505
2203	3761
7239	7613
4921	3466
1606	4261
5141	2718
346	4366
1047	3337
6354	5257
4409	1138
3539	3715
979	454
1660	1409
7258	8142
1852	1956
1603	1425
1492	4687
1718	803
7552	610
6768	6227
6351	7355
5575	1297
4960	2759
3185	3255
3110	7339
5931	2446
3647	868
3726	4581
106	4030
4828	721
7812	7961
7779	3869
5260	3681
353	5962
7521	8040
1779	4180
3611	836
7853	3354
7789	3341
0	4359
5212	5551
4193	376
3545	5375
3926	2470
1604	3773
5451	5610
3005	1026
2803	7468
396	2825
4347	3387
3056	760
7275	3011
5536	1580
5297	44
3019	244
248	1623
7759	8083
6450	7998
7535	7878
4951	4556
5864	6256
5870	6052
6126	6389
7511	2317
681	7396
3247	6570
4852	4884
2064	795
2151	7808
3907	5279
2280	2261
3731	318
7622	3738
5152	2138
5342	6931
2724	3443
2068	2403
4693	908
7680	4804
751	4170
4259	8151
3449	811
179	5316
3150	1062
6434	2336
4453	1708
4453	5506
517	7907
5378	7915
7788	4123
1840	7
6896	1686
6942	8053
237	149
2904	800
2687	3017
4057	2749
6884	627
1145	7370
3721	2016
7222	6922
4107	3151
7912	1167
2042	3153
2283	1353
6109	5465
2636	8061
7489	615
4323	7030
1438	1146
5591	1047
7324	7453
1219	4777
5285	1676
4993	594
3107	4052
4422	3183
1899	1372
3235	1420
5602	2929
5003	6663
2426	7331
7335	1762
4488	5326
2807	607
7082	3586
3654	5958
6519	190
6253	1170
6532	3499
6965	7875
5306	6600
3719	5336
3740	664
949	2359
1634	1847
4863	2379
2412	7502
7955	7009
3667	4554
93	2120
3502	576
4552	3201
2867	2979
7282	567
1809	3507
6947	7872
4986	922
475	3781
4602	4302
6325	6200
7185	34
7866	663
2394	4812
6378	64
5687	4517
2753	1993
542	1306
7478	2531
5230	7732
4052	7284
7165	4037
3326	484
5779	6276
6001	7953
7077	1451
8074	7759
3204	3410
4086	2374
2804	7220
4949	4199
2949	4610
5722	574
1718	6456
6327	3715
5833	2685
525	7316
4405	5608
629	3131
6811	3200
7024	4729
3373	2069
5063	4366
775	5214
2607	846
1197	3390
1425	1374
542	4477
3402	5923
7166	7904
6979	2384
7740	5958
1638	4344
6789	8056
6031	3683
1054	482
4880	6853
1897	7923
6789	7075
2702	6883
8054	7331
6179	7038
7810	5833
7414	3450
4551	222
4128	7768
6349	6114
7459	1914
986	7043
7434	4347
3906	3624
7096	6438
513	5358
5935	481
7365	3921
2493	7751
6353	2423
7890	3531
7886	2900
6619	6536
3717	3092
5869	1076
8156	369
4674	4287
533	8081
7791	2605
2364	4505
5654	7490
105	1360
6841	1818
5908	2231
1346	7414
6599	4805
8072	5211
6940	7688
7016	895
3152	691
909	4565
2405	4116
6996	2466
5204	232
3110	349
5333	7170
3348	7196
666	6602
6673	1643
7471	6002
4120	6557
983	1958
5423	3129
3968	2173
2214	7681
2596	270
7067	2428
2619	7753
4459	6513
1674	6687
56	5797
7125	530
4094	410
7751	6424
4443	2789
7877	7295
5999	4606
4057	3314
5651	4912
1864	1121
4711	4190
3388	1900
5674	6518
2607	2470
2869	674
220	2309
4339	6191
4631	2205
4749	2994
1529	2107
727	2821
5281	8123
1676	4130
4042	5471
583	4870
1797	458
3316	2532
7029	2315
7346	6107
5085	7028
7505	517
2219	3772
1103	1091
3037	7391
5227	6862
5920	1485
5115	7787
4485	608
2743	772
5283	4299
6472	6284
6662	2493
2013	4465
5587	4821
6992	5308
963	7373
6059	6299
4722	5704
1376	4381
2462	7009
40	947
2750	4
1501	4937
6880	6550
3177	114
6668	4034
3227	6536
7263	6980
4535	4434
7048	1220
511	4256
3679	5639
7428	2853
3714	5755
5833	5551
2103	1357
7870	1069
6373	765
8062	245
7047	4720
380	8167
4880	1659
19	2462
8163	3757
7841	7435
2745	4370
2108	3358
967	3659
8155	6721
6476	3044
6322	505
3320	6422
3479	693
4724	854
7922	4739
2916	1999
1367	3416
2419	3772
2286	3244
6850	4617
5852	3188
881	4825
8143	7363
66	2466
5713	6915
1919	7621
8080	4912
1821	5433
5681	3531
1504	2289
4338	4605
3507	4203
2443	1981
4885	5018
4930	2333
5454	4762
2608	305
1890	7014
1600	7637
6025	948
6837	528
5359	5123
4580	6828
5830	4154
1229	8141
358	5423
7692	2262
1232	2155
236	6970
6957	2175
5612	6122
3834	1143
2546	4057
1577	4586
7676	7565
7458	5702
6047	3711
6669	3450
7663	4133
840	652
7329	6109
2273	5670
7453	6244
6476	6687
8130	7720
2800	2057
5390	379
5581	6539
2841	7003
1908	5023
6945	3486
8136	2641
782	7529
1132	284
1192	1941
5032	1826
246	7754
2144	7293
3825	6767
5390	4177
1587	277
2328	2867
2938	6978
3529	4317
3757	4574
6960	6510
1577	1731
841	64
303	1356
4210	3724
2635	2602
3732	46
7095	4959
1373	5549
6524	3257
3114	4107
976	780
5266	2580
98	1945
3759	212
5831	834
2518	4816
23	7245
6776	6253
291	7938
7432	6399
1600	6659
2733	1775
751	892
1434	4044
3424	3312
7714	1061
4181	986
7042	2862
4665	2418
1619	3301
7831	7592
4569	1581
1939	3031
3006	62
4467	5696
6953	172
7932	1937
1653	3660
6418	1939
3333	1634
7076	2623
5844	2675
7906	5153
7894	7449
4384	7327
2130	1224
4141	7457
7454	6961
2216	4239
5471	7300
3986	4358
5311	584
6080	2743
5917	5759
4794	4961
4793	5381
1777	4668
4895	8077
3324	8042
5286	448
7619	4123
3966	3259
5202	657
227	6848
2428	2884
5077	1062
2670	6338
8107	2834
63	6786
4206	5520
5610	4708
6545	2176
2753	5523
3030	5493
4523	3071
301	7393
6194	2094
5471	6594
5130	7180
3653	3785
6525	3129
3463	4447
4463	2614
2779	3390
7940	4246
2295	1245
6024	6309
631	1197
1386	1285
3588	5438
2711	6781
7937	6096
289	3546
5564	1617
2901	1116
2900	2376
12	8080
1374	4675
359	572
5063	21
4583	1441
7682	178
2520	6283
7546	3208
3498	3010
6255	3524
7498	4974
4101	6076
4567	4638
6619	4149
1304	7349
4492	5863
4901	3429
2690	1531
6226	2316
5027	6690
5248	5305
6302	1834
180	302
7822	6763
4699	579
7876	3606
2586	3724
5492	3616
1509	5553
4729	7374
6629	4429
3445	2659
3176	2247
364	8094
6928	7592
3416	5016
901	4168
6905	3613
7024	1083
2064	4490
2716	3385
7825	1475
5688	1601
6848	3434
2568	6455
5486	746
7200	3313
6788	4361
5207	1215
4405	5693
6864	1370
7490	6286
3365	6971
3400	7586
7162	1706
4979	5150
4947	406
3620	1803
4038	8018
989	5005
1530	3586
1209	5547
6929	3177
4420	2909
2901	3172
6878	7420
5737	5297
8074	4065
2184	519
5068	6749
3420	1934
3556	1786
3728	3931
2610	836
1647	6901
5303	3854
6078	218
4332	7388
4882	560
6923	583
1507	1499
5109	327
4430	4915
5664	6485
7986	4771
5050	7848
1128	5366
4089	2641
2550	4377
2973	2618
7193	2655
489	5087
2564	3548
4554	7890
8052	3213
7195	2057
8007	4153
3908	3791
8032	7343
546	6258
6301	893
6269	664
1425	1649
2466	6149
6765	5833
3718	7015
7892	6230
6369	2984
608	1284
5291	3201
2821	1583
8136	3730
6901	2141
5519	6311
1029	600
4054	7315
1912	6976
6844	2961
530	1503
5135	2714
3801	8109
4050	3195
4712	1711
4437	6576
251	120
117	178
2565	6705
2191	1171
1951	7982
2771	1655
2848	2500
4351	2046
6360	2109
3941	5485
6434	7398
447	7645
4224	2296
6590	760
8175	1654
5091	1952
4232	4876
5862	5155
3219	4131
5614	7995
5222	3791
588	545
2030	6338
7154	1535
30	7689
2852	3232
2532	2484
838	4523
4735	2782
4982	4419
7908	1453
6647	7908
103	1606
4250	2874
6981	7265
2710	4183
6629	418
4306	4258
885	1709
7564	6126
6563	2448
6294	4354
7992	3413
1589	1322
6021	6715
2583	2356
445	941
4127	1115
4352	4317
759	4121
2885	4679
1040	5858
7634	5990
2519	1780
4508	5276
1365	1877
5712	7191
1951	290
7816	2129
4285	7939
5874	868
1018	2232
5639	3116
6617	5812
573	1685
2051	6833
1878	2623
7730	498
6261	6850
4654	2758
5673	6756
3523	6442
2418	469
5373	1033
4387	9
66	1759
4732	2684
7382	5585
1907	1992
6923	6517
986	3025
5101	1922
5320	3360
5620	122
5821	4965
5152	7235
3581	5104
2825	2737
2681	3942
7090	7730
7398	5986
4439	6340
5645	6292
2287	1929
4232	4102
3039	3836
7463	3430
7855	3915
3030	6987
961	6372
1336	2188
945	3720
2426	7155
5647	3729
5015	4032
7996	6447
1563	1048
2307	2711
6945	262
3241	758
2760	7323
3041	6790
5677	1221
2164	3412
2017	1207
2179	156
1520	1002
6322	262
4869	5853
3495	5889
2989	376
562	4918
3803	6220
2194	1138
4037	1901
6947	3546
5262	7308
7594	5945
8090	0
1282	1718
3265	7645
5246	5927
663	2163
3148	3418
7041	1473
3178	3585
4138	4778
5267	1227
6588	4571
728	3469
6878	3912
2116	6042
7132	3184
706	6858
2482	4374
3347	4674
6681	4960
5061	547
3045	3319
6176	5993
2570	4077
6041	5105
6897	3849
6069	343
7890	4778
5614	3644
5898	8152
7863	7708
502	2108
4520	7614
7659	5881
7062	2090
7350	7117
769	6828
1642	5691
5872	4147
371	7887
2996	5251
4977	6743
8029	6458
1851	5599
6430	7154
2136	6119
2962	5822
6047	5625
6603	2749
1908	6676
2753	6545
3387	1915
6626	5896
6744	3552
2871	8074
5961	5255
7159	4887
941	7851
2075	3012
2122	3110
5183	1530
5380	6479
4286	8004
8160	3357
6557	2549
7537	1286
6170	4812
6443	1524
2215	506
8084	5484
6079	4507
3005	6349
4811	7659
5842	1579
7473	7187
802	6810
1049	4042
6127	3642
4269	3075
4837	1008
397	832
2969	7962
6274	4160
6384	1422
4306	4957
845	2659
3537	4816
5897	74
7441	1329
281	5963
1443	1685
2524	446
2563	2554
222	2197
7506	6746
7927	8117
4187	7382
4876	5540
4197	3744
4357	6489
873	5531
731	1723
5241	3803
7969	2713
5660	153
6783	650
94	5566
801	664
3496	2480
2981	243
6545	202
4408	1817
7950	3027
3092	3088
1807	3733
4610	5754
3370	7501
8070	7206
300	693
4031	4088
7031	6535
4557	5485
2671	2862
1199	6841
77	2033
5230	3597
4620	399
2070	4999
2627	8075
2736	912
2965	5599
3526	4634
4967	3979
3191	1752
1241	7888
2590	4850
612	290
2713	7171
4493	7407
1074	7991
7472	5228
827	4736
235	126
2763	3030
3082	2940
6248	7147
2504	7522
4459	3400
4583	3093
6440	7592
2781	1333
1069	3719
3201	4270
1947	4186
4281	2460
2342	4470
2921	3375
4785	5806
7681	3962
7434	5109
3623	1567
3966	6692
1579	4191
6687	380
3942	5666
7566	4015
2994	6364
6071	51
5377	5014
3789	6704
1272	7201
5119	4060
4416	8054
2499	4080
3182	4355
4462	6849
7487	6140
1544	7139
5928	2709
3034	5517
2232	2075
4968	594
5602	7807
6564	6973
118	3171
4873	1774
5885	3298
7666	1833
2676	7911
139	6510
3488	2920
1253	2794
1399	4988
2527	7589
791	5298
1567	8061
1019	128
142	5319
7973	2591
7213	3225
2279	7313
2498	2744
7062	4142
7361	2356
745	479
1159	5795
3296	246
4030	6180
7436	2577
5819	4130
1892	307
3117	4305
7194	7849
8185	7558
4478	7368
7259	7001
6633	4755
6741	2245
7812	7672
379	117
1972	7995
5809	3305
3364	5512
4008	2492
7722	834
2000	5650
804	3339
409	3246
1573	2564
4232	3305
2336	4439
156	3036
1272	5165
2150	695
2192	7512
1790	4264
7693	7074
1935	7772
7511	6032
6069	903
5025	193
3798	1795
5507	1218
1605	4530
8128	645
8048	1746
4233	3250
1921	7203
1583	7116
6229	4107
2896	5009
2968	6371
5992	6773
7333	5659
4807	4700
538	2191
2746	4978
3058	7165
7491	4023
6639	5443
6389	4389
1432	8054
6904	2466
7613	2667
5867	2846
4843	4669
2236	251
6218	7692
3560	1230
3318	6608
5460	5427
5718	7288
2551	5502
5987	6057
2096	1441
4737	6220
4072	5597
10	4632
3999	4634
6574	7924
2094	5121
5509	3387
7941	4977
4581	7445
6812	4685
8066	5826
5185	7587
7446	3757
2116	6985
7643	2858
6029	7628
8068	2115
8065	6541
615	1798
7737	2790
5674	1481
386	3396
4651	6215
2566	4980
3037	7077
6580	1481
2827	8039
2017	5742
2872	2150
3682	6770
2093	3727
2473	7788
3852	6351
1913	6809
4215	1814
1482	6096
7277	3685
3857	829
1557	4479
3198	5837
7017	7537
5919	7552
1577	2151
7378	4617
7929	6378
5535	390
4745	975
2343	6785
1851	3201
7498	6393
4575	2310
4976	7457
7109	1222
3372	4699
6852	4266
692	3379
6075	5740
1338	7156
3793	7615
501	8041
543	5249
4758	2698
7290	1720
5255	2887
6776	5703
5849	7177
2904	7199
2365	6862
6338	7690
5092	635
5580	7581
3491	3555
7518	1016
7212	7545
1880	3324
2894	1574
1364	5074
7350	2739
2853	7771
7443	5697
4159	4259
5088	244
1468	6991
7349	7260
2965	228
8070	1426
4253	4413
6417	4306
7002	2500
270	1080
800	7674
6782	2928
3052	4616
7553	2931
5770	1573
1965	5268
966	6502
3515	7928
1586	3909
1718	3908
4239	4139
898	3241
1429	3777
98	7222
4477	6139
4822	303
184	2369
5431	8125
7666	6824
6025	5084
5955	4511
362	4435
3767	2381
5904	5731
6217	586
710	7915
258	6751
1419	5947
1369	7435
4790	1031
681	1657
1700	4913
894	4053
2378	6384
3373	6171
5810	178
7344	4241
3347	544
4577	8109
3597	1646
5566	4941
546	375
7912	5223
261	1475
300	2483
5419	4953
3821	1408
5122	7044
5247	6325
3594	1914
5370	8012
2107	3145
4590	5500
5017	6976
239	4210
128	5366
6979	379
5502	1589
2643	1454
4930	1048
1823	1648
2692	5249
6367	4582
5430	4498
1945	4310
1779	3785
5810	4245
929	5264
6199	3560
5470	3627
3263	5123
2921	1571
4965	105
6081	2459
6156	356
1893	4659
209	5096
378	6345
770	126
7108	5556
852	2064
2100	5530
5637	3794
4880	7268
5007	5499
5168	1385
1662	7406
3206	4130
604	8000
3369	1814
6955	672
1241	3916
5199	1003
5488	4956
565	5751
3014	2665
5379	713
6443	1507
6239	3450
4409	3758
2921	8191
5407	2374
773	5237
7034	2745
1942	7019
3110	7140
2100	6262
4770	2251
6673	2690
5442	6039
7509	254
6772	2308
3277	1652
3727	456
3545	2675
3861	1627
128	7097
4962	1795
646	683
799	310
649	6685
6102	4666
5137	7136
4348	1758
6168	7041
1504	3340
3746	1428
8140	1008
575	7927
569	3716
4284	4006
1912	996
6771	6606
2748	2388
7146	1438
225	7732
2321	6131
5053	2631
1555	3541
5729	7477
3665	5259
278	8117
7425	3272
3103	3338
6708	3468
5715	5089
7427	7565
1000	4480
328	1091
500	2468
5927	8069
2975	3576
6743	834
15	4957
5346	116
6911	2953
5208	1530
1622	4188
1270	6025
5912	3459
2946	6913
80	2618
6938	4939
1458	5981
4016	4302
7434	6965
1051	1067
5088	6126
1602	788
6512	8149
5537	5885
2896	385
3471	4814
6390	1079
5445	7545
194	3239
7071	8120
2273	3173
7589	2440
4553	2435
8173	988
3333	6016
7694	4929
7636	1894
5270	7482
4308	4814
3929	7434
2713	7038
4058	6011
4725	4305
6959	2224
2970	632
6899	4969
5105	319
6295	2314
598	4748
5150	6
5474	4194
3371	5508
1507	4154
4235	3439
6186	4345
7542	2420
3725	2811
5112	8165
6312	7457
7781	6998
4888	7557
7867	6396
5948	204
422	7042
4569	5304
799	3536
7831	3330
1012	4673
3219	540
3828	3798
174	4896
3482	5582
6641	4048
2460	6343
2015	5278
1895	3240
7241	8192
6379	6574
3295	3331
7725	5081
1230	8075
1544	1417
4821	5533
1663	7278
389	3242
679	3013
684	7208
6056	3059
151	1422
4280	330
4245	7763
7769	2366
4191	1104
2036	4108
2115	1642
1897	528
1287	481
4344	567
832	6075
6697	4047
3536	6922
7964	1945
6076	3160
7916	826
4391	3128
1815	22
5604	4949
3920	3994
2178	3999
917	77
6260	2838
13	1821
7468	3463
3732	475
4854	2989
2041	5706
233	846
3430	7872
6181	5556
8093	2248
5199	335
1180	288
7113	7844
1420	3005
6446	6572
4767	1697
3218	7684
3224	1403
7236	6620
962	3703
944	4958
1315	3451
7227	6933
1198	7149
4085	3272
3303	4354
6421	5606
7774	662
4076	3816
1975	1339
7335	1344
2741	5286
577	6563
5026	5800
2188	4592
868	1149
7738	8160
6248	6962
2695	6324
4594	5129
5031	6109
4719	3106
2045	6510
6348	7006
5948	1306
4169	6636
2587	6833
171	2597
4842	3095
8030	2111
8037	1757
2039	353
1685	3401
8141	5269
4200	7334
1710	8133
4038	424
3688	7345
6746	5652
4937	4035
2975	5786
3434	5859
6370	7578
4880	5911
397	1661
3246	280
4813	7259
1264	3673
5613	1301
4184	3461
5432	1191
5554	1161
4288	7176
4026	5414
6692	7440
6293	3599
6426	8107
7661	1822
481	525
3359	1289
7240	3208
3653	5403
705	813
5686	3403
5178	3038
2233	4750
6384	6239
5842	5822
6479	6510
7003	6110
688	205
536	6299
4364	1157
2987	6263
5649	1750
4889	5976
6313	5750
4875	2081
2178	5211
7142	6535
1350	6616
4113	7034
1445	4730
6320	457
3710	6757
1320	846
5833	4672
7352	1776
4350	5842
6187	4311
7066	4260
3626	8103
5404	5217
6463	6485
2021	105
4356	3098
889	8181
551	3160
7094	2590
5587	1373
8118	4222
2337	7689
3115	3338
38	7796
4706	2288
398	461
7931	842
2262	304
7340	7269
2762	671
5720	2243
5413	7518
2529	3205
1466	7070
8100	5544
6941	589
3692	2614
7485	244
6862	2180
7181	7094
5094	8190
6084	4548
1245	945
7405	4868
4030	5203
5625	6740
4515	3463
5663	5762
3495	420
4858	3956
7806	1168
2921	824
2689	645
2133	4882
5997	4088
5150	2118
7145	817
3583	1400
2048	439
2544	7794
3463	6848
5260	7005
7634	5592
1058	3514
8126	1936
3690	5996
7948	6784
3515	5502
2639	5057
3306	6279
8007	6059
5214	5086
2665	1628
434	4899
1818	3128
1973	6721
5242	1685
3392	4964
3097	4533
6944	4670
7664	1457
879	3273
3037	7584
7241	5465
3860	1650
4623	7267
6623	6776
508	3859
1767	7107
6886	7874
2322	2498
7298	3467
239	277
7119	5954
303	116
5411	7197
6323	5247
7248	4357
6873	2529
4206	6421
603	3710
5687	1013
2528	5719
2128	3518
2571	7788
7644	7468
7993	7172
5510	1960
4181	6853
2128	1392
1760	2816
795	719
252	3951
7647	3698
5741	6903
7654	6848
4586	2137
4595	3783
880	2281
7854	490
5479	5579
452	2902
157	2432
1045	5228
6068	2374
5848	3994
4986	4947
5543	7583
3100	1450
7832	7946
1600	131
943	4258
4073	435
4359	1408
4415	7970
3238	759
6046	6916
5514	6059
4608	6046
1342	3386
6933	1536
6925	293
7650	6410
7159	2452
6283	7392
3586	3166
396	1145
1783	5338
825	4563
1936	2047
5978	6680
3275	5525
5441	6248
4457	1241
404	6423
3210	3350
623	5173
5907	7121
1913	7488
2489	5796
351	3915
2357	6126
6492	2900
4729	292
3343	7785
2572	480
2142	5978
3542	2253
569	7672
5273	3749
948	5502
2251	6987
7056	1338
3342	74
4764	2877
5976	3528
7705	5762
8088	2385
188	1085
4180	3683
2482	7808
3083	5369
4207	8070
146	3511
1248	1616
1031	2604
2751	4761
267	7922
5591	4748
416	1766
5309	485
4732	2199
2503	1320
403	6981
7872	6995
947	5305
4264	2945
3977	2702
529	5017
1614	4784
5888	7951
3152	131
6375	2880
4513	6097
3096	748
83	830
884	2533
4714	3770
4990	2477
332	4361
6963	7560
6650	6620
3442	7620
7927	5893
5913	909
2480	7567
7099	1428
5179	7505
502	1012
5226	7023
5496	7016
7757	2504
2149	1635
5656	7776
2259	7082
729	2027
4464	4753
4481	4885
7304	356
381	7141
630	1253
1377	7593
7061	1960
1778	1862
722	2485
3462	6756
6777	6202
5048	7551
3068	6536
2145	73
23	5457
1987	1504
6210	5554
5446	2497
934	2661
839	6272
2989	533
5811	1220
3919	6723
3692	3716
3068	73
7567	5750
7243	7409
870	5435
5530	1859
2966	1743
2041	844
7081	891
4316	3674
4858	4549
6081	4740
6776	2267
7071	912
5103	2526
1920	332
118	3528
311	4325
2310	7769
1556	2742
8102	7211
1032	6711
7909	5918
3780	3736
4255	3178
5975	2583
1501	7384
155	2224
1710	1549
201	91
6781	6957
7447	7818
7891	7907
1865	3844
2184	2844
5979	7372
2552	2045
3663	7383
104	6031
4548	3175
6039	1920
6483	4090
1887	270
3765	383
1479	920
7877	216
5274	2865
2757	1293
8141	4800
715	6446
6418	1304
4644	840
5871	2363
6993	3374
1002	4998
6890	3452
1260	4049
1099	6168
7503	8079
6410	104
6084	4759
2596	1661
5561	6072
7801	8151
2310	6523
259	5622
6269	3097
1958	7315
4067	6163
307	7857
3184	1918
4892	512
4970	5053
8053	2509
172	624
2514	3154
5272	2170
654	6451
6	4491
6771	3554
7427	331
5462	4541
5387	2807
5639	4476
489	1369
4117	1935
8158	5818
4734	2202
4186	3350
6316	4784
1594	2859
7394	3389
3266	3643
4518	1165
7881	5388
1535	2255
2392	4991
5730	79
5344	1435
1388	2538
4889	4385
6934	2554
3038	2955
4464	7869
5452	2623
1235	3124
6155	4263
5727	5087
6582	4699
4427	4247
7696	2627
6893	7735
2955	3337
3390	5458
1208	1685
6865	191
803	915
5370	2272
7301	6580
6730	7772
6549	7254
6854	422
6872	969
4115	1206
1560	5188
2650	1327
2325	7015
4915	4399
1925	4298
3030	2119
7172	3399
6201	2199
4829	8112
3860	4332
1697	1918
5370	7064
3618	6811
7438	4479
7521	5684
3369	5319
7450	5688
7714	6143
6826	2663
474	1895
6601	3233
2349	254
2787	438
5558	6941
2497	5459
688	487
3828	5726
5503	2129
7169	6332
4548	5620
5189	2801
8128	5662
3591	4610
3323	7708
2332	2317
7515	7994
5385	1813
4191	342
8038	4873
7648	538
2243	3948
2590	2375
6566	6855
201	8079
3570	6996
5129	1429
5758	5021
629	4708
151	4745
3098	7542
6109	6929
979	1429
6901	1365
378	2006
192	98
6273	3325
3948	690
7917	1185
4311	1627
4158	1223
5989	8036
4442	2032
2649	6321
7440	1323
723	7634
3885	1113
4803	1175
1274	918
829	3489
1149	2718
6	2243
1587	7546
1374	1771
7245	5955
5121	870
2575	3222
7183	1579
6220	6913
3277	647
1226	2811
5100	1920
2209	2371
4657	3294
6702	3037
6101	4931
1608	5532
1936	7323
7770	6547
1950	4475
4128	2850
2849	6858
4066	4265
2316	463
5120	4777
2063	7859
5166	8117
7319	1558
5490	309
7389	7795
7102	8178
2392	2416
3014	2660
1763	1329
2663	7899
6722	5513
6806	2940
2729	1822
7052	2920
2459	2044
3150	5263
3088	2184
7916	5958
6672	7764
6240	6605
1020	986
3493	5196
5680	1384
580	3250
7717	7924
6379	2150
4735	5299
674	1805
482	5713
6068	5452
1986	5899
1833	909
3680	5640
7263	2430
1345	4919
4465	5717
3310	581
3880	525
2563	324
690	6315
7192	6778
3488	2996
4257	3347
1009	6035
1241	3972
7325	69
7080	4528
5415	1846
4582	7216
16	6730
944	871
998	2511
3845	4105
2475	3995
1720	6775
2689	8172
760	6416
349	8168
1120	4887
5619	2754
418	213
6690	7010
251	6855
1767	6080
2915	3640
1976	3962
648	8117
7194	4161
5847	1051
2985	3374
5191	486
5380	2506
7479	3674
8175	4662
5040	7646
4469	5767
1942	4377
2254	4769
1145	2543
2039	4775
6822	2603
3582	2739
5290	904
6209	4028
982	7546
7743	6630
6766	3226
6093	3206
470	5373
1240	7336
5006	3100
3283	4262
4359	5446
854	2856
3411	0
2505	5189
5983	7553
3092	4988
2555	6453
4554	3920
2929	4307
2309	7829
4835	7415
1891	5113
1485	6752
3429	3173
4150	7975
4175	4319
7130	7306
7071	5917
4582	7686
8150	3754
1774	3194
7565	2853
5010	2897
5175	903
6471	4951
1688	676
2265	1956
2305	3865
1361	1557
2997	1725
1630	795
493	945
1400	3901
7145	6703
5127	7930
5243	292
4210	215
6906	2798
2893	2888
704	4443
1387	6468
4667	434
428	3576
4046	7657
2075	4544
4386	4134
2836	4438
4485	3801
544	1265
1352	1404
5348	7945
1545	8170
1526	205
191	1204
1075	6100
2474	2213
7382	8067
3657	3330
530	7914
393	942
2691	5059
6684	2450
633	8001
3819	4229
2696	7742
30	678
1748	1617
3326	3076
6837	5589
6804	760
4170	4388
7712	7568
1754	1294
2279	5880
3588	2113
7248	6999
7538	4535
5122	4737
6872	615
5434	7560
810	107
2092	5256
7798	5887
732	4827
8	3463
518	7758
4558	2215
1078	4515
7492	3416
6402	156
4219	280
3499	115
6444	7759
5446	2390
7897	4435
3790	230
3982	927
5941	1186
3604	6572
1584	5893
6106	4830
3305	2671
3590	3918
7754	2557
8087	6373
5540	5989
2394	977
923	327
5595	4586
1885	4203
4503	6106
7709	5708
2891	4129
1702	4976
4264	7968
5801	2379
7692	600
2386	1571
1237	795
7389	5490
7877	4492
364	3145
7161	441
3868	2357
6197	4104
2008	716
6574	3492
2484	3542
5431	2886
7857	4229
234	3835
7336	7191
6560	8034
1374	3019
6452	2108
3676	3496
6914	7402
2053	7977
7178	5038
8027	2587
4132	482
4656	5296
6176	891
3345	485
5170	6245
3166	5137
1586	4051
5839	6076
3414	495
839	7082
1237	970
2598	1619
505	7517
4784	3796
2235	742
1489	1611
7148	834
849	6268
7526	757
1024	3639
5529	230
7494	7894
4000	6042
1816	2654
2682	551
4400	3342
1371	221
4358	2667
44	2380
2536	457
6218	5695
7418	3357
776	8139
4706	970
6375	2821
6779	944
2552	4447
4622	7707
775	2797
7425	7178
7005	6265
7309	5028
2147	3176
3643	7391
5482	2860
3329	6122
6650	1203
304	7488
7571	7745
2531	5099
7787	7832
3860	6657
3221	6258
792	5281
2678	1018
2917	4552
1688	7013
5512	6173
5666	2506
291	1794
2275	122
457	7759
2914	2186
6121	2064
3594	1243
1075	1670
4000	1068
1963	6778
1533	4098
2879	148
6811	932
2848	5483
508	2801
6525	1943
6973	5731
7664	1800
2929	4110
765	6469
2877	437
4829	3101
2562	1826
5410	2116
6859	6210
2572	5747
5805	3620
4473	4290
5499	6373
2430	5655
7674	3098
2108	5732
3012	4267
3335	4525
2947	6083
3045	2127
4637	745
6765	2134
1635	2282
4054	1133
489	6567
3057	8187
5113	690
4684	2735
3909	6136
7577	6655
6529	3484
3826	5758
2222	4011
4540	8147
6874	2867
5587	1007
3921	5704
2417	7463
6617	3081
7361	5883
3844	2062
2206	6751
1133	3690
6652	5367
3663	3753
2210	1576
1535	6778
650	7796
2570	7650
4755	7126
2347	594
3798	2962
1825	6098
3364	1401
2506	1858
3156	6708
1500	4810
3173	4925
2262	2326
3620	6002
2863	4848
6375	57
451	703
4315	3825
2437	6699
7315	2302
4327	5248
1386	3640
3712	2395
220	3598
1299	1636
7224	1987
1333	57
2889	205
604	7638
6112	5913
2551	7409
8128	7237
7939	6854
5834	7653
723	7001
8079	2610
3606	7405
6903	5595
1655	7117
1864	937
7027	1883
4626	673
4578	4678
1523	3812
6466	4010
8112	3972
4105	4081
2109	1904
2408	2650
2598	6959
5957	5063
2584	408
7661	4412
1157	7471
7125	824
8014	2391
7360	2851
8141	4611
7739	4885
1197	1669
7934	380
330	7109
5224	1218
7636	5238
7222	7040
2583	5861
1586	1246
4203	7569
4273	1526
4307	1553
529	1247
1192	1477
5622	2938
5086	5599
2719	6371
6408	6310
810	6858
763	1919
565	1957
4068	1760
6970	6637
2999	1860
2834	8179
6599	8082
8124	7242
6784	5988
3514	7487
8042	150
4919	6667
3859	6581
494	6077
691	2065
4931	1368
1931	8019
5912	7868
3386	3215
6907	1093
1013	2217
7676	1637
4127	7226
3265	7180
3817	4837
2975	6749
1142	2533
1793	2106
1641	4099
2310	5818
3424	2218
4421	5709
4294	6441
2517	6250
4536	7866
5240	948
6517	6961
4127	2875
179	2877
4529	6745
4984	2973
2357	6204
7408	2220
6567	5972
6632	7729
1400	4383
4550	4818
6521	5070
2245	5748
7025	3526
4257	4706
3529	682
8047	3620
1246	5031
81	3435
6115	2629
7415	6249
3362	1780
7818	4640
5581	3367
2457	8106
5353	446
2190	1260
3020	6092
3722	1469
6657	4782
6364	7419
6023	2995
4756	900
5173	3555
4452	4837
3439	4786
5306	3649
6087	3069
3598	4174
3782	5221
6229	6894
7719	6841
6359	2782
7040	6255
8012	7942
6848	2210
5888	4813
2159	3603
3131	4008
4495	7027
6959	2311
4481	4409
6695	314
3499	865
7494	6341
3627	3486
7027	1309
7846	6063
7517	7439
7332	934
8139	136
5718	5117
2583	4217
7555	5165
946	6773
3789	2155
6466	3854
1039	5162
1278	2206
4731	131
2067	2981
7732	4340
3020	1417
1228	58
7683	387
1760	6962
5587	7645
609	5578
650	51
7404	479
2408	762
4312	3898
385	1045
765	3853
7566	2659
7443	2380
7135	1881
1575	7659
2981	5416
2229	585
1755	218
2265	7429
1879	4590
3624	2230
2314	793
2794	768
191	1766
6706	5825
4525	2188
653	4021
6154	7003
1236	4353
451	6710
8134	3001
976	5463
2412	5583
7004	2291
490	2414
3255	7278
5358	7107
6059	5455
5064	4692
7214	4382
4383	352
544	3339
5309	4320
2104	6348
3958	892
3928	5699
7411	5898
6881	6536
6182	5160
2192	699
595	2163
2267	4361
6268	5225
6031	6652
5036	2137
322	1690
544	688
769	911
3829	7887
1078	1325
3392	6819
3928	3516
1165	745
6050	4592
2018	5305
3651	572
2176	4115
5527	6048
253	5357
6909	5355
11	1734
4849	2280
7200	3356
2399	6937
1816	1386
638	4940
6512	7418
7133	2431
5545	4113
208	3723
4184	2623
5262	410
2559	2454
6412	3603
5143	1972
4396	5445
5281	5542
4121	6844
8175	172
3003	2456
4438	1829
2656	3423
5174	470
5138	1257
4375	4626
2958	7173
2241	5660
5656	6781
496	5650
5606	4287
5709	2967
1750	6892
7188	6436
3225	1
444	436
6223	650
5199	3507
3045	6718
1762	3802
8046	6347
2914	3289
5628	6521
6709	4663
7359	6266
7448	4375
6583	3418
3674	7393
3984	1637
414	7243
1398	4370
789	3423
493	4319
6381	4002
3631	3167
1313	4752
4355	2549
4634	2829
1921	908
42	7085
3810	4513
3123	3159
200	3216
3655	5734
6540	2377
949	693
680	5685
4078	5678
4210	5505
3395	7469
5220	7357
5021	7170
281	6399
726	6498
6412	3019
1744	4118
4320	2710
2785	3624
1498	7531
5850	3986
2522	1295
2068	3417
6580	8181
4673	6877
2321	3095
7395	3449
7682	5957
5923	2913
4892	2158
3008	5507
8142	6271
5818	8145
7824	6835
6838	2651
2576	6926
1057	3527
8129	1715
2195	1058
7832	7554
101	1166
4354	6765
2238	2321
4046	88
2953	1580
5846	3699
2206	2992
5504	1354
1246	6550
2295	2127
305	4682
1543	3842
1494	3046
7573	749
6245	932
7905	522
995	1833
3718	4898
2684	6442
3740	4901
3207	7990
4717	1762
3355	5312
3449	6465
543	18
2885	6364
3458	2789
7051	6895
2719	1166
5487	6779
1565	4656
2392	3656
3722	1174
714	1131
1439	5429
1124	3687
2724	7646
6067	4071
1632	6362
1530	3332
1698	4274
7799	5360
1791	7817
7593	378
2883	4771
5784	3090
1247	5230
5544	1203
8153	5862
5793	5086
3075	5470
2375	5170
1706	4800
6624	2056
6551	5336
3500	5366
3220	2280
1404	1374
7056	118
3080	3668
3507	7406
8043	281
692	2087
6608	2713
636	610
4241	3461
2604	1785
5188	8156
5205	4477
4693	1356
1153	4864
5841	1219
6716	876
6353	4715
114	7641
3174	3977
216	512
7589	4832
2956	4794
5570	2557
1680	3769
4119	5262
3933	513
7658	2269
4484	548
5259	7942
317	2321
4773	1999
4451	6479
4885	4982
3865	664
3352	5524
4995	2266
4466	5648
1233	5709
7934	1419
7299	1879
375	6650
7632	3684
7635	7040
88	7104
6174	7712
5284	4882
5965	1828
6630	937
2659	8031
3375	5085
3437	2491
3285	1890
6249	3830
2519	7100
5187	907
8143	6855
1150	4771
6028	6842
698	4425
2108	6273
1269	4351
7384	5115
1113	7374
3017	1385
900	6557
6888	3676
5523	6839
5754	428
7834	8071
2012	7595
2294	6700
7313	916
3960	99
294	6124
8002	3974
1160	5564
6301	7926
1217	7938
2965	3393
5233	4022
7301	5120
1147	7900
3906	554
589	6617
6949	5921
6215	4109
4567	4968
5374	5238
7118	7110
489	4793
3634	1106
1401	2634
6226	1451
2987	5310
6853	3244
6076	7544
3272	1642
7554	285
6316	7195
5086	1638
3187	2501
4230	3119
769	7082
507	3482
3206	5961
4768	7430
6128	7552
978	2082
7165	2442
8098	7242
7811	8054
5291	7951
8180	3128
4175	8033
1047	7829
73	3948
3731	4058
4259	6832
4048	7835
3990	1976
4920	2285
2160	7983
2926	5487
6976	5660
3762	6028
5035	2719
3053	8040
5447	7445
2703	6841
5377	3103
2600	6292
6735	6105
1487	5743
520	1705
8027	6214
3360	2269
1100	8049
7717	4691
2210	3040
6841	1406
4694	92
2068	3304
2802	5154
3458	4700
6950	139
7332	8091
3679	4520
5958	4346
4834	3446
4976	7619
6491	6095
989	4701
2489	4236
6047	3903
6664	8075
3075	2846
5991	169
1636	5174
3112	6559
2933	257
6810	1954
555	5888
8179	1742
4632	887
3999	7309
3460	7576
7981	7039
3710	5060
3374	5281
5796	7317
4003	1625
1531	6941
3136	1825
5755	1848
8031	7898
1438	3816
7642	4327
5822	7653
4948	1647
6016	6602
4575	1630
761	375
7334	7617
4593	2178
131	7430
3164	6602
3418	431
1709	5049
1335	2272
6107	7318
3346	4272
7417	3649
2233	4154
2461	2755
365	5234
1032	7405
3150	1151
3331	7839
4698	5339
7588	5253
6388	5985
7340	4266
6886	5405
109	8098
1799	8181
2628	4603
1698	999
3104	4820
7871	7538
6953	8181
3931	1852
55	6921
80	3163
3356	4424
1914	3217
8025	6621
1219	2812
7535	2396
7871	4179
4974	4640
106	7871
905	4961
32	844
1045	6748
4044	5725
2417	5835
5336	6790
3154	6687
8029	5112
692	8008
5293	6222
3523	8075
5460	6057
3961	1263
6238	6638
4108	360
6315	5670
3933	7629
7892	8183
1071	7582
4249	1427
8111	8036
3196	3236
7291	7490
158	2217
1551	7429
5583	83
668	5854
939	7364
7065	2040
2126	3488
5950	6388
2770	6050
7171	4883
300	7703
7574	3500
2551	3349
925	7387
2281	6843
4282	6342
2046	5748
2397	70
210	4900
2429	5268
5724	7832
5862	4510
6214	4474
2726	1880
754	6316
1050	492
7291	1194
4681	3765
3434	6680
603	5535
2924	117
3642	7943
5689	7737
2292	5662
5661	6968
1099	5930
2458	260
3486	2972
6451	6419
4618	5731
1010	6772
4891	4463
4606	4194
1345	7143
2741	3762
2988	4675
257	1587
3038	1797
440	2768
5794	1897
6808	362
2991	6404
2233	7337
7746	7270
3992	1334
5863	4657
4058	6753
5290	6838
7009	4529
7253	3281
5849	5620
6194	3553
4151	1476
7364	432
1309	910
3931	5404
1414	7377
4240	7380
6995	7577
6082	3571
3322	6505
5953	3799
3573	3319
6398	2679
5987	7068
938	2266
5875	7239
7758	4002
281	686
3384	6313
1068	5284
1986	7019
5482	1983
5065	6673
7132	865
4923	793
3688	5033
2229	3548
1280	3309
7257	3746
1839	326
3262	5029
940	3188
575	7764
5348	5923
238	2472
4868	2849
7865	7030
6616	4636
283	5089
7492	6393
3798	146
5496	649
6527	693
4003	6518
1804	563
1384	5075
7673	5358
8143	3695
4458	4273
7437	4836
6595	1772
67	1418
6439	6287
4220	7755
3653	4497
5374	7801
4852	7124
8051	8188
2684	3789
5183	3184
3901	3217
5193	4436
1119	6357
7514	699
3946	4918
306	5454
1719	6054
4895	2363
3128	1573
1085	5914
1703	1525
6283	3916
6494	1799
4913	4326
887	4829
5226	2424
2971	5122
2240	3890
26	1462
4352	3312
7018	5546
4873	286
3156	1254
839	7139
6057	5924
3008	780
6889	378
5093	5199
2444	7947
2938	7350
7185	2831
288	4051
3002	435
4326	299
4451	2299
8139	4210
7038	5850
4692	1376
6901	6413
2288	6794
794	5861
5669	3242
5315	6343
5021	6137
5800	1839
6928	4448
1138	2254
2527	7350
6328	7454
4474	2542
1724	5113
7270	5125
118	6450
3400	2112
5571	6768
5694	953
2359	121
4084	5440
6793	5126
5938	2867
7676	2388
908	2243
3825	8126
1007	6023
6510	2227
1627	181
3573	4351
4421	3145
5189	7472
7922	3527
478	7708
3393	4501
2903	2241
4831	1596
1826	7598
1768	4793
4070	2188
3789	7798
3381	267
5495	57
7569	7495
4155	7115
6776	4593
593	1389
7252	5572
3267	528
5852	4766
6421	6778
2554	5523
2139	1803
7140	2304
1787	7794
3789	7957
2107	4501
3421	6430
3323	7464
5516	3625
7547	7056
2409	6929
7496	2774
7165	693
2049	4643
3794	3335
7297	2751
4690	7086
88	3010
1404	3773
7521	8157
1381	1974
2242	2532
6354	4834
4657	3999
4075	5276
5664	4864
2350	7997
1590	6515
4718	1374
4229	5282
2600	6676
277	1030
347	4264
1677	4486
4571	1570
1422	397
5638	358
3083	2489
6042	3191
5390	5908
5966	3852
1671	5338
769	3698
1641	4047
6667	6549
6471	4695
1876	3020
4805	243
5324	4662
6726	2625
5301	1332
8182	3788
4758	2116
3818	1309
428	2793
6991	4337
7054	3241
3663	6732
7593	7276
3458	336
3145	2701
1352	3268
1830	107
1349	4421
4685	5971
2119	3793
6890	7144
3161	4916
3954	6710
6404	7679
5714	3631
4948	1458
6137	4047
5633	4297
1267	491
1265	2636
3047	6260
5364	3342
1081	3995
4930	4420
165	3677
1992	6808
1682	1937
259	3353
3086	1776
70	1766
4583	3146
2916	6950
5438	3832
5544	2199
2589	7179
3933	5761
3039	1824
6302	2363
5994	6996
7763	3707
6140	5009
1883	7381
6435	628
7613	6359
3358	8157
2026	5963
7070	6010
7736	5860
1230	638
3661	5398
881	3190
3479	6448
5031	4200
4101	3823
7240	6192
4380	6075
5045	4724
5010	3510
6256	3964
1466	7854
4162	2715
954	8173
5299	610
6286	7023
2437	4685
5660	4691
6784	1071
7833	5094
32	672
4047	2008
8004	5713
13	499
6852	1645
4802	7049
182	4605
1937	4119
2830	2328
672	3717
671	976
6414	5882
2567	8055
2702	7704
351	2831
4341	2877
7383	7828
1823	3755
2006	1494
916	1006
3670	3391
2123	6313
7280	6188
3741	5048
4140	6819
6643	3573
6461	5014
7966	7923
103	3690
804	5914
3017	4211
1135	988
7772	3986
6431	2066
1660	6562
5099	8105
7272	2341
6511	1669
2715	3437
5652	3338
7507	1412
5149	5889
519	4146
3626	5107
1600	1404
5986	4199
6663	4167
541	2809
7389	4360
4055	6541
7001	5755
629	411
3215	3167
3056	2725
3872	5
3116	7640
2058	2254
700	4008
264	4143
5810	2599
2137	4874
264	2051
6407	6630
3543	7928
2930	5947
5713	3407
3967	2928
2672	5581
7981	6189
353	4950
2848	365
1067	7047
7076	3279
6996	8014
3827	5075
2604	2219
5273	6564
3343	4133
703	4530
7824	2788
2822	6095
1137	4326
3990	4331
1230	2991
5310	4048
6710	3061
3504	1236
756	1759
8190	5435
5408	5571
7283	6651
355	6990
1403	4416
7589	426
7466	1011
2642	3503
937	3167
607	7778
470	6380
6107	4186
1702	3328
7645	4294
7264	6048
4672	5432
1284	6445
522	7525
2069	7500
6924	6239
4419	5843
8162	1951
3587	1974
4783	5778
5185	5548
7610	3523
2823	7381
2721	5531
4303	248
2666	6256
6006	5689
1067	1516
1203	2222
5047	7201
6188	5327
863	3701
834	7658
3016	4286
6909	3386
4638	1888
842	3540
6333	4507
2405	6091
2	4263
7303	7690
2537	5862
2672	1253
5889	5412
3746	1520
4347	4703
3679	3277
6474	6945
6175	2197
7919	2513
3510	2140
3383	5828
7906	6765
2079	6067
1339	2477
7695	5104
4847	7210
1414	4043
3074	223
5212	1024
5786	8157
6265	7263
1916	1144
990	1488
7698	1530
296	7881
1813	5497
4479	1105
3696	278
3357	5630
4616	5333
1717	323
224	5780
5756	958
472	1867
5368	3324
3399	5050
6016	4351
6286	1031
4202	8008
1429	2842
2465	712
4399	7441
7059	3053
1913	5830
1376	1966
1376	7899
49	1582
7935	2314
113	7414
5831	7586
115	7570
1330	3834
867	4168
6045	6375
7079	3261
6504	4463
2311	3850
3989	1756
7790	1629
3011	3210
3677	1275
3134	2828
5551	7434
5030	6897
1369	6610
1490	5766
7262	4849
3129	6550
3089	4619
120	7208
7117	216
4960	7305
2354	280
5489	7405
1413	1881
4140	3866
1568	7345
4642	1886
6382	5782
1208	5629
346	5519
2072	4108
1341	6368
5054	320
2511	3738
3461	7465
6024	6026
5341	5602
1744	3677
5312	7573
1750	1746
3887	8116
404	6734
4450	5038
3457	7308
2404	3001
6143	2334
6312	8084
2250	3518
6804	7884
402	6179
901	4239
6370	1236
6935	2011
4608	5056
5719	6807
3608	4047
49	2027
5264	5410
5787	3179
5716	438
7640	3082
5008	4520
4331	2562
5041	2776
6741	4947
2698	2774
7408	6614
2682	6943
882	3429
1882	7477
2773	7774
724	4853
7428	1092
735	1339
4434	4449
1777	3335
6495	2971
1830	1679
2544	3794
7291	3180
7472	5806
2355	1302
6103	2760
7127	5340
5881	7422
4655	1195
6007	6000
4313	3728
2148	1973
2703	3555
2711	6633
734	8077
1990	4428
4739	6713
7297	6136
2486	3949
7955	6990
5400	4982
4935	4706
1702	6796
488	1152
740	893
6755	5200
2584	6729
3841	2998
8146	4138
140	990
5249	7471
4928	1109
5225	4156
2230	6659
2706	5040
3602	6130
1196	4843
2994	6973
5634	2118
483	7240
3791	3504
5496	7020
2881	1073
3345	5087
7763	5797
3759	5490
6740	2960
43	921
8138	2594
6022	105
4931	1471
3012	476
2490	6983
7956	7217
7122	5091
2515	5089
1997	1666
394	7137
1459	2559
4523	1111
4881	8021
1137	1003
97	2097
1446	2781
1417	7728
1079	7173
6754	2488
4181	2615
7305	523
7965	1710
4441	5338
315	7064
1318	6663
7215	551
5431	2495
4644	7168
2266	4611
4054	2555
275	758
3638	653
7683	53
4038	2625
1531	1608
4106	1307
7662	3590
3286	4023
4869	1281
2759	417
2420	7547
7015	4012
3920	7168
7512	7774
2876	4649
6715	4484
5877	5241
1066	1492
4865	6983
828	1999
4038	6979
842	7083
1455	6445
2030	6882
2247	6712
1117	7310
5231	2065
548	3648
7	7117
6941	5068
4781	3053
7015	6962
7190	1
4724	6419
1825	7172
5644	3768
4266	3903
3070	6192
985	8166
3316	7566
6714	1765
4737	8178
7305	4205
5343	2155
4171	4123
7400	4258
4402	7219
1557	5931
3460	3060
6818	3122
5773	3088
5239	1826
6005	2682
4754	1548
7927	516
3505	4863
191	6495
1438	3060
342	708
7792	7239
5488	3069
4350	610
4121	3851
7418	2541
3825	7376
6243	5219
2972	4836
7739	212
6634	5263
1514	7568
1316	5441
1616	2032
2374	5043
1088	7918
5040	1152
354	600
1419	2347
3365	2765
1919	5567
3196	1187
491	5307
5618	6127
5597	533
2796	2238
5308	2288
938	3409
6708	6956
3898	2932
551	6792
453	4990
2219	5666
4519	6668
6260	1914
5345	6665
6418	6145
2342	2157
2565	189
2861	3548
2332	3714
4095	493
4941	3601
3124	3248
2998	1509
3208	5364
2348	207
6124	6064
3071	3206
1880	7693
2737	1878
4727	7763
6979	669
5434	814
7585	403
6188	5600
3614	7835
6632	2643
6691	483
6597	5369
6801	6531
7788	3321
6439	896
7161	3359
1762	7812
5623	5428
1747	7258
5182	2281
774	3953
3126	3224
1043	5365
4283	5231
2340	4379
7511	534
3322	6475
7243	6770
154	5047
1215	480
7417	4997
1302	747
289	2199
4212	8062
5979	5620
2752	7790
7375	4661
4352	7224
7020	7142
1321	7269
3193	6438
5178	7708
2480	1971
1058	2583
2609	1591
4091	3242
1022	5740
5034	6732
975	5151
7089	2791
6224	6232
6083	7367
1139	1104
3734	5392
7254	5011
5109	4364
3200	1113
6294	1388
3434	3892
4933	1894
3228	7690
2400	897
155	1510
6293	761
4327	4925
4614	3788
5632	7923
1954	1206
952	4445
1792	7993
5026	1893
5723	6192
6806	4488
4592	8178
4205	3477
237	4045
5351	4168
3567	4207
4247	1499
7386	3887
5315	853
98	5600
3108	4972
1701	1192
6435	3543
4795	2277
3163	1443
8036	611
5451	28
4314	6749
40	3859
5618	4726
3197	7907
1729	2269
5021	2391
7768	4485
3315	1164
7467	1030
6835	4732
3495	2734
5405	3341
71	93
2333	7061
8090	6426
4596	4003
4940	4432
6098	7043
730	3530
2290	2290
7580	2727
4481	4602
3017	648
4410	6024
6970	6045
1209	2852
7204	4302
1887	1603
7267	950
6267	4247
6296	4797
6022	2650
7032	7566
3323	3974
584	3267
7712	5059
7590	6055
6015	7480
5891	3323
5413	3864
7183	7485
1145	6203
4931	3802
5179	7129
2258	2968
7932	456
2953	1529
377	2287
2550	1338
3479	41
520	557
6241	874
3794	1670
5215	3547
1635	2647
6267	5203
700	1228
3818	6004
684	509
7409	986
7291	20
5059	6835
4048	2218
3085	7270
1796	4396
4680	1198
2207	5148
3234	3816
212	8107
4878	2759
6734	4120
3057	905
3526	1974
6147	2350
4288	3017
964	5940
5503	1909
5950	594
682	192
6512	2667
6014	4216
4440	6112
7312	724
3224	1444
4958	5912
5000	859
1382	6003
7774	3344
6115	5432
5472	2999
2054	687
7833	2775
1586	877
4961	2473
3015	5046
5991	1428
3648	4092
656	5131
7245	2798
5751	358
2810	7264
2708	7863
2488	2693
7545	5956
6931	6613
602	6548
4411	315
8046	4194
4107	2397
456	7435
3303	1690
4226	4969
2239	2555
312	1370
5920	4968
5451	938
3070	2977
6089	5303
6	7910
6511	297
7565	2345
7247	7519
5001	7540
6622	7119
2382	1778
2691	2958
967	3316
1647	5916
1744	5301
5800	2571
1034	4102
6343	4466
3160	3306
1055	6237
1017	971
2876	590
1556	7510
2646	4736
4165	3844
2028	5366
2128	1276
579	3850
2078	3118
5093	577
4509	1513
5227	5813
4399	8150
3933	7876
2838	2311
7144	5740
7243	145
4823	2699
5894	2497
3318	577
7415	32
7839	4723
2338	7690
4774	1226
7099	7727
5043	7098
4873	614
6552	1087
3416	2727
6886	8068
2730	7621
7909	3645
1709	3579
5519	7349
418	3284
5193	3234
3229	4969
4402	1502
6509	1269
3466	7503
3049	8135
5225	4532
1683	7694
7634	8116
1394	4264
3282	5496
5434	780
3734	6525
367	3078
2843	2971
3294	1235
6626	5435
468	1297
873	1798
6752	3583
2176	1470
6005	978
953	7994
361	1169
3305	7793
7528	1028
5091	7365
4699	1759
6849	4078
2726	5662
7369	1622
2282	4877
7784	3685
6856	1583
6212	6176
12	6654
7110	7204
409	688
6842	6410
4129	3605
3881	2859
3067	5300
3367	2585
548	3381
1011	2786
7468	4799
1633	4138
991	6474
3984	6413
4816	3573
7578	2986
700	4968
8112	1835
7340	1620
2227	1348
4425	2103
3353	1320
1012	7379
5828	6623
6682	722
6600	6376
3502	4464
5413	3983
2063	2358
4368	6279
4764	2363
4485	624
6611	5441
899	1555
4717	3907
6860	1600
4298	1324
6777	8143
6098	7544
3222	6493
4798	7207
7858	2936
5856	2815
5511	1966
1263	4094
4745	3124
1645	5563
2873	1690
7258	2372
7156	5575
3601	2733
3313	3118
5629	181
4247	1026
7491	4954
5336	512
32	4973
6851	8094
2696	190
6261	5280
6425	1425
7226	3341
3927	6858
4329	2358
942	1843
715	3716
7674	3432
7942	5892
230	4511
6095	960
7555	4545
1557	2272
7693	1226
685	1123
3944	110
5187	4973
4626	67
4861	8035
1485	6053
4840	5375
4908	994
3993	6912
2059	6796
4225	5947
5972	1995
479	127
5863	874
6598	1210
5097	4334
5632	1444
1489	4039
330	7084
5674	3370
6468	7837
4173	6786
1596	6228
2293	4524
5485	194
2069	5045
3093	4367
5085	3232
1135	1635
809	658
3402	4277
908	6980
1485	2671
745	4184
7053	5641
3981	7829
2110	4015
7153	2604
504	6164
2617	4540
7013	300
5652	5955
6823	7964
3559	4029
4135	8046
3544	3594
8034	6062
1232	2665
236	1157
5343	5963
3516	4159
2339	3331
4069	6185
4019	1799
2656	2421
5101	6026
3439	7563
3003	3402
524	7825
1456	2963
2061	4655
7162	4044
1582	105
6021	5876
7752	3515
6786	5435
93	236
6624	2290
5699	219
863	2604
6345	1509
7100	1964
5150	2395
5020	3520
2353	8030
7799	2850
3732	8154
3444	4231
7816	2954
3204	7852
4532	500
6243	7977
4392	2957
109	7570
6951	3625
2837	6858
4479	2425
3207	1662
7597	8006
3166	2263
3256	6066
8119	6845
6851	6897
123	1497
161	4099
4437	532
7021	7421
6204	2961
1405	6207
903	271
2741	7988
6741	6878
436	5132
1129	7506
8078	3157
307	924
3480	2975
3806	7649
363	2295
7949	661
6805	5897
793	3923
3724	6450
336	1161
2924	1763
1707	674
2990	7450
1125	7436
246	5671
3876	6157
6410	8121
5580	850
2634	7108
3929	890
786	5354
1941	5360
5868	3561
3934	1959
6416	1549
6858	4531
4967	3940
5934	6931
6553	7725
7941	6041
4278	3215
8086	7420
2070	4776
2661	3716
1818	4302
6697	7305
7953	3111
4780	2994
4645	7320
5525	3849
3512	3865
5682	6045
6286	4463
7212	3825
1713	5957
1819	4256
1854	7029
5407	7695
3660	3670
2649	295
5275	6356
5694	3622
4331	3186
2724	6573
2040	3843
1180	4658
890	6773
3168	666
3810	6616
1058	3026
7103	676
2770	1508
6294	7420
8066	7614
5514	4441
5403	1131
8068	1017
5726	3529
1123	1305
18	8071
7759	4442
566	1344
6250	6657
2666	5724
7783	2094
2868	4368
497	3181
6151	2389
6854	5116
7629	2422
3652	7159
1151	1871
4618	1941
1648	4169
3802	2463
7465	4276
1992	5414
1325	2621
1451	2521
1220	7833
4051	839
3314	4367
7112	5631
779	5769
1516	108
6285	1821
6984	2556
314	2682
1141	4624
7728	453
4085	3155
8190	6497
6601	2768
5997	2144
301	3996
5321	2090
1467	4239
5100	2009
3564	7842
3775	5783
6530	5715
5096	3878
2767	3551
3780	2620
6555	2596
6078	5196
7610	6480
3084	2178
5705	3918
7994	410
3061	2694
4251	7017
5815	5980
4654	2713
6483	2423
6434	6178
1444	2052
1053	934
5842	6282
665	4607
3834	325
3248	73
3539	6931
3561	254
5719	6170
2015	5213
2878	8004
656	3711
1476	6946
6232	6011
5077	5660
5085	8048
5542	2381
1897	644
52	6818
2707	1400
6976	5986
1134	3047
4060	7629
1305	6297
1255	3184
4241	4077
6117	7546
7910	5814
6579	2071
7144	620
411	6148
7879	1118
2777	6390
2054	1232
568	6139
5035	692
6971	6205
4118	2250
271	863
6726	3772
7621	2012
4211	3426
7469	5299
3576	6384
6811	2969
7296	4257
2008	4415
7396	1323
2730	185
6592	8143
4670	4595
810	8143
3777	1786
1403	3051
1987	1704
1505	6794
7899	7478
3978	6473
1993	2996
1670	7573
6718	4774
1455	2066
3952	3730
4070	3961
6031	2687
6620	7123
4053	4106
1243	2122
4128	4209
6017	4783
1788	6068
1972	7944
7918	6635
1943	7855
3720	5630
6658	2572
6114	5311
3476	2297
3501	5759
6486	3749
942	511
4413	5193
1878	6386
2245	1936
3071	6181
4592	1920
5260	4404
3378	196
4630	6565
4492	110
3632	6123
4029	8123
418	4166
7561	4918
5535	3829
442	8082
1333	6017
7755	5724
1408	4756
799	95
7878	7401
7939	1152
2535	3236
4846	2698
5216	2219
2542	7629
1110	704
926	4826
3983	8021
7405	705
7722	954
5910	204
4357	4278
792	3345
3310	5910
3943	5988
2414	468
4898	4818
1344	2336
2995	3360
1958	3138
3542	7002
6946	7878
2219	7956
4473	6072
5866	3926
656	5375
1431	7525
2709	7254
1194	1353
3886	2276
5533	6279
5108	3345
2546	6962
8023	6117
1315	5114
705	5373
4529	8051
897	4233
1149	7058
2034	5607
7235	553
5943	1486
2962	1800
2196	2237
8159	1808
6153	3314
5403	7947
5565	713
5070	6839
4707	5519
3908	6863
1117	5439
956	1530
4275	917
5177	1337
5838	2658
6267	3380
1321	5377
3468	6795
1080	2654
846	1043
1805	6359
1666	1145
5908	2640
4434	5454
2529	7551
2278	6744
5876	7858
3908	5393
2185	5272
6886	4661
7891	4106
5176	804
5825	1045
3686	2939
4506	2178
6951	5801
168	1352
1137	7534
6166	4301
328	440
7908	7729
6161	7661
6307	4652
5039	2013
2576	259
316	5154
2515	3574
3794	1213
2366	4242
2196	7626
3598	2449
717	8115
4703	4441
2913	240
5170	636
1296	7109
6692	5379
1335	624
32	5139
3966	1559
368	2158
7320	5584
2765	2993
6669	2572
3537	5996
1779	4200
2713	262
6028	3703
2605	8044
5229	5577
3318	7751
541	6640
2142	978
2068	2416
7990	452
5069	1887
7924	7182
7761	6221
2056	2556
2063	1940
6892	5372
4156	5823
1311	2721
697	8189
6011	3686
4694	8107
2551	2222
5252	2917
5349	5399
7007	5374
5913	7102
3133	2881
563	4664
1917	1957
6383	3792
1028	6441
4942	7557
4935	1229
603	5052
6699	793
507	5876
5614	4735
1684	5813
2134	6485
3637	5908
6159	5330
1204	2814
4541	7631
6469	1123
7852	2516
6656	8103
5235	6912
4892	6002
7959	2898
8145	7161
1037	6532
6835	5426
2390	2046
7469	2793
1823	7842
6056	2670
8174	7048
6359	4806
1905	7676
1125	575
3559	1642
7443	2614
1852	5490
5532	1959
2569	4191
4107	3583
1863	542
3489	4266
1221	7905
5366	4908
2101	2467
6455	3385
106	2853
7722	3675
4055	2313
313	5512
4484	3103
7529	3222
6204	6289
2686	2324
7005	2690
2351	7786
419	54
6154	7253
602	7580
1898	1680
6784	12
7323	813
6383	2952
5333	7480
5579	7075
7195	4497
2976	6345
6846	5128
5761	1454
6929	2109
4605	1370
1156	1734
2051	4673
413	4970
6696	6241
6171	2405
4032	2971
6794	7030
4032	5781
6834	5017
2265	1784
4580	7852
4849	7942
363	1135
6173	5351
4958	5910
6446	6333
177	1192
3556	1757
7791	816
7565	1763
686	2365
812	2400
1824	4264
5273	7366
2479	3245
1627	3999
8087	67
4312	8171
3066	4393
6911	2828
3997	5605
8036	7225
7271	6179
4199	3613
4261	476
4261	4464
6760	7778
5072	5101
745	5046
5321	1138
6111	7040
4222	2531
4254	3559
6903	5554
2612	626
7933	1448
1180	293
6888	2314
5467	8103
6843	4066
2688	4597
3362	3374
2747	5260
965	3271
5726	8192
8116	4552
3746	3743
2432	6580
4854	2542
595	2049
4557	2474
3919	6004
4042	359
4336	951
148	2125
6190	3745
3754	1376
2348	4557
105	5866
3485	4843
3508	6557
6316	6017
4509	3254
1557	6061
1226	4937
7706	4937
7546	7846
5189	1743
875	4717
6562	5828
4112	3328
1441	3310
2284	2999
6340	7309
6218	2631
3912	3434
7722	5702
3903	4211
2800	3656
2030	6119
4863	1684
1986	708
2433	2826
476	6983
6456	688
2032	4443
3475	2633
6479	7419
1756	1491
3026	2189
2400	4305
4668	199
5646	2602
7907	5800
7981	7829
5517	36
5027	7566
3965	4110
3576	3611
451	6004
553	6283
1704	8158
5902	647
2051	1005
5343	5643
6166	6676
5763	6340
2347	6918
4396	2689
6875	1680
887	1114
8110	5136
2556	2947
5951	7876
114	4742
2901	2805
2407	568
3163	4683
8043	7592
1413	5146
3664	737
1416	3712
7762	5575
7510	2810
3235	3104
280	7378
2176	845
7516	5724
5355	73
1360	5940
7361	5976
3522	7064
3245	1055
2576	6775
799	5094
1614	6359
3842	7770
6939	2882
4401	315
3950	916
2127	7510
602	2011
3982	1243
2419	1157
2087	7113
7290	3632
3440	6228
1848	2735
2656	6589
1294	933
340	2452
6215	978
6847	490
7981	5733
2047	5092
2179	5308
1534	1646
1280	5251
3421	5151
5325	6140
6371	5701
6619	3747
2214	1029
1155	6383
6562	3587
5481	4509
609	6466
458	3556
2319	4695
1236	6465
3304	5854
2382	7706
3548	142
6152	7159
5911	6782
294	4509
4297	561
2819	6404
520	4765
8077	2952
7554	7734
4642	4698
7589	4234
2355	844
4245	1646
3190	6141
3018	5297
8041	4138
4741	5270
2396	4038
2837	6299
8148	6895
8009	6415
1035	1346
2396	4579
7995	7612
412	7224
1456	160
300	7842
7281	4026
6453	4932
3140	1042
4445	2623
3708	3043
5063	4412
7059	6709
113	3637
7211	7251
142	4172
2614	1314
2274	4272
4653	2315
999	5192
5283	1062
5133	1736
6358	5302
5790	7740
2332	1311
7912	2569
7799	1337
5296	4779
657	6767
6609	8064
6034	2865
8067	3818
5101	7216
3169	201
5141	5955
7296	2975
7866	6127
673	2115
7454	5196
2825	2044
2072	6565
3647	6547
4230	8101
2906	4775
1063	1501
7371	4355
3245	3880
2670	1022
1825	6337
2233	3464
2452	2545
6060	6265
6043	5385
5271	6296
3079	6228
6022	5851
6552	2378
3872	4180
5808	4253
2747	5434
7909	3499
3727	1347
6022	5730
2399	7714
5889	2884
1892	7938
1140	435
7656	3223
8030	806
4091	4858
1719	4359
1153	6003
1311	3691
415	6539
6380	7616
566	5279
318	1887
8144	3486
2487	4013
3681	3398
5480	1206
6251	1531
2461	5591
5250	656
7798	530
1157	547
2457	7964
2522	5446
1101	7206
295	2827
3355	2742
4349	237
711	1713
3677	1469
2894	4735
7084	5457
734	7680
6358	5054
2456	1528
3130	2437
4042	339
6524	500
59	4109
397	7749
6190	6817
4465	402
2325	3436
2442	3045
5555	595
6123	4695
686	3830
2543	1326
3182	278
3751	3747
3874	3307
5654	2735
3831	4576
4540	334
2743	1242
7079	7827
346	1181
6741	7448
6446	4217
2736	2518
352	6348
6911	2799
7387	6731
5790	8005
6667	3586
1871	6613
7157	5690
2355	7219
2734	6236
1499	7542
829	1903
6516	5709
27	1848
4206	8146
4879	3572
3936	6158
1862	3775
7451	427
2342	571
7984	7091
7033	6843
6228	2734
5439	2813
6586	242
5607	5572
2696	3754
676	2843
2728	7394
6574	127
5001	699
655	1916
1398	7433
4021	3236
7310	6399
3651	4576
7305	679
5551	1984
6425	831
1888	2576
7848	2888
3100	4871
3575	1469
1265	4362
5042	794
1832	2170
3424	846
7443	6776
1864	5775
7910	2018
209	3158
5703	5699
2679	1141
5781	707
7228	2199
5041	3962
2506	3993
4531	7913
6338	1224
6019	555
2496	743
2681	5850
4397	6071
4276	4560
7300	7986
6172	3040
4887	4716
6087	2147
473	6096
6166	5141
2926	395
992	5909
6685	3817
4462	4924
4638	7857
6947	816
1416	5751
7567	5840
6803	2414
8157	462
2006	6565
7609	4897
1351	6576
4903	386
7863	6477
7988	287
5913	5133
7033	3600
4277	4097
820	7885
1254	4454
2000	5728
8114	5084
940	6182
5258	1595
4218	7005
3996	2109
5297	1763
